642
-0.525731 0.850651 0.000000 -0.525731 0.850651 0.000000 250.000000
0.525731 0.850651 0.000000 0.525731 0.850651 0.000000 250.000000
-0.525731 -0.850651 0.000000 -0.525731 -0.850651 0.000000 250.000000
0.525731 -0.850651 0.000000 0.525731 -0.850651 0.000000 250.000000
0.000000 -0.525731 0.850651 0.000000 -0.525731 0.850651 250.000000
0.000000 0.525731 0.850651 0.000000 0.525731 0.850651 250.000000
0.000000 -0.525731 -0.850651 0.000000 -0.525731 -0.850651 250.000000
0.000000 0.525731 -0.850651 0.000000 0.525731 -0.850651 250.000000
0.850651 0.000000 -0.525731 0.850651 0.000000 -0.525731 250.000000
0.850651 0.000000 0.525731 0.850651 0.000000 0.525731 250.000000
-0.850651 0.000000 -0.525731 -0.850651 0.000000 -0.525731 250.000000
-0.850651 0.000000 0.525731 -0.850651 0.000000 0.525731 250.000000
-0.809017 0.500000 0.309017 -0.809017 0.500000 0.309017 250.000000
-0.500000 0.309017 0.809017 -0.500000 0.309017 0.809017 250.000000
-0.309017 0.809017 0.500000 -0.309017 0.809017 0.500000 250.000000
0.309017 0.809017 0.500000 0.309017 0.809017 0.500000 250.000000
0.000000 1.000000 0.000000 0.000000 1.000000 0.000000 250.000000
0.309017 0.809017 -0.500000 0.309017 0.809017 -0.500000 250.000000
-0.309017 0.809017 -0.500000 -0.309017 0.809017 -0.500000 250.000000
-0.500000 0.309017 -0.809017 -0.500000 0.309017 -0.809017 250.000000
-0.809017 0.500000 -0.309017 -0.809017 0.500000 -0.309017 250.000000
-1.000000 0.000000 0.000000 -1.000000 0.000000 0.000000 250.000000
0.500000 0.309017 0.809017 0.500000 0.309017 0.809017 250.000000
0.809017 0.500000 0.309017 0.809017 0.500000 0.309017 250.000000
-0.500000 -0.309017 0.809017 -0.500000 -0.309017 0.809017 250.000000
0.000000 0.000000 1.000000 0.000000 0.000000 1.000000 250.000000
-0.809017 -0.500000 -0.309017 -0.809017 -0.500000 -0.309017 250.000000
-0.809017 -0.500000 0.309017 -0.809017 -0.500000 0.309017 250.000000
0.000000 0.000000 -1.000000 0.000000 0.000000 -1.000000 250.000000
-0.500000 -0.309017 -0.809017 -0.500000 -0.309017 -0.809017 250.000000
0.809017 0.500000 -0.309017 0.809017 0.500000 -0.309017 250.000000
0.500000 0.309017 -0.809017 0.500000 0.309017 -0.809017 250.000000
0.809017 -0.500000 0.309017 0.809017 -0.500000 0.309017 250.000000
0.500000 -0.309017 0.809017 0.500000 -0.309017 0.809017 250.000000
0.309017 -0.809017 0.500000 0.309017 -0.809017 0.500000 250.000000
-0.309017 -0.809017 0.500000 -0.309017 -0.809017 0.500000 250.000000
0.000000 -1.000000 0.000000 0.000000 -1.000000 0.000000 250.000000
-0.309017 -0.809017 -0.500000 -0.309017 -0.809017 -0.500000 250.000000
0.309017 -0.809017 -0.500000 0.309017 -0.809017 -0.500000 250.000000
0.500000 -0.309017 -0.809017 0.500000 -0.309017 -0.809017 250.000000
0.809017 -0.500000 -0.309017 0.809017 -0.500000 -0.309017 250.000000
1.000000 0.000000 0.000000 1.000000 0.000000 0.000000 250.000000
-0.693780 0.702046 0.160622 -0.693780 0.702046 0.160622 250.000000
-0.587785 0.688191 0.425325 -0.587785 0.688191 0.425325 250.000000
-0.433889 0.862668 0.259892 -0.433889 0.862668 0.259892 250.000000
-0.702046 0.160622 0.693780 -0.702046 0.160622 0.693780 250.000000
-0.688191 0.425325 0.587785 -0.688191 0.425325 0.587785 250.000000
-0.862668 0.259892 0.433889 -0.862668 0.259892 0.433889 250.000000
-0.160622 0.693780 0.702046 -0.160622 0.693780 0.702046 250.000000
-0.425325 0.587785 0.688191 -0.425325 0.587785 0.688191 250.000000
-0.259892 0.433889 0.862668 -0.259892 0.433889 0.862668 250.000000
-0.162460 0.951057 0.262866 -0.162460 0.951057 0.262866 250.000000
-0.273267 0.961938 0.000000 -0.273267 0.961938 0.000000 250.000000
0.160622 0.693780 0.702046 0.160622 0.693780 0.702046 250.000000
0.000000 0.850651 0.525731 0.000000 0.850651 0.525731 250.000000
0.273267 0.961938 0.000000 0.273267 0.961938 0.000000 250.000000
0.162460 0.951057 0.262866 0.162460 0.951057 0.262866 250.000000
0.433889 0.862668 0.259892 0.433889 0.862668 0.259892 250.000000
-0.162460 0.951057 -0.262866 -0.162460 0.951057 -0.262866 250.000000
-0.433889 0.862668 -0.259892 -0.433889 0.862668 -0.259892 250.000000
0.433889 0.862668 -0.259892 0.433889 0.862668 -0.259892 250.000000
0.162460 0.951057 -0.262866 0.162460 0.951057 -0.262866 250.000000
-0.160622 0.693780 -0.702046 -0.160622 0.693780 -0.702046 250.000000
0.000000 0.850651 -0.525731 0.000000 0.850651 -0.525731 250.000000
0.160622 0.693780 -0.702046 0.160622 0.693780 -0.702046 250.000000
-0.587785 0.688191 -0.425325 -0.587785 0.688191 -0.425325 250.000000
-0.693780 0.702046 -0.160622 -0.693780 0.702046 -0.160622 250.000000
-0.259892 0.433889 -0.862668 -0.259892 0.433889 -0.862668 250.000000
-0.425325 0.587785 -0.688191 -0.425325 0.587785 -0.688191 250.000000
-0.862668 0.259892 -0.433889 -0.862668 0.259892 -0.433889 250.000000
-0.688191 0.425325 -0.587785 -0.688191 0.425325 -0.587785 250.000000
-0.702046 0.160622 -0.693780 -0.702046 0.160622 -0.693780 250.000000
-0.850651 0.525731 0.000000 -0.850651 0.525731 0.000000 250.000000
-0.961938 0.000000 -0.273267 -0.961938 0.000000 -0.273267 250.000000
-0.951057 0.262866 -0.162460 -0.951057 0.262866 -0.162460 250.000000
-0.951057 0.262866 0.162460 -0.951057 0.262866 0.162460 250.000000
-0.961938 0.000000 0.273267 -0.961938 0.000000 0.273267 250.000000
0.587785 0.688191 0.425325 0.587785 0.688191 0.425325 250.000000
0.693780 0.702046 0.160622 0.693780 0.702046 0.160622 250.000000
0.259892 0.433889 0.862668 0.259892 0.433889 0.862668 250.000000
0.425325 0.587785 0.688191 0.425325 0.587785 0.688191 250.000000
0.862668 0.259892 0.433889 0.862668 0.259892 0.433889 250.000000
0.688191 0.425325 0.587785 0.688191 0.425325 0.587785 250.000000
0.702046 0.160622 0.693780 0.702046 0.160622 0.693780 250.000000
-0.262866 0.162460 0.951057 -0.262866 0.162460 0.951057 250.000000
0.000000 0.273267 0.961938 0.000000 0.273267 0.961938 250.000000
-0.702046 -0.160622 0.693780 -0.702046 -0.160622 0.693780 250.000000
-0.525731 0.000000 0.850651 -0.525731 0.000000 0.850651 250.000000
0.000000 -0.273267 0.961938 0.000000 -0.273267 0.961938 250.000000
-0.262866 -0.162460 0.951057 -0.262866 -0.162460 0.951057 250.000000
-0.259892 -0.433889 0.862668 -0.259892 -0.433889 0.862668 250.000000
-0.951057 -0.262866 0.162460 -0.951057 -0.262866 0.162460 250.000000
-0.862668 -0.259892 0.433889 -0.862668 -0.259892 0.433889 250.000000
-0.862668 -0.259892 -0.433889 -0.862668 -0.259892 -0.433889 250.000000
-0.951057 -0.262866 -0.162460 -0.951057 -0.262866 -0.162460 250.000000
-0.693780 -0.702046 0.160622 -0.693780 -0.702046 0.160622 250.000000
-0.850651 -0.525731 0.000000 -0.850651 -0.525731 0.000000 250.000000
-0.693780 -0.702046 -0.160622 -0.693780 -0.702046 -0.160622 250.000000
-0.525731 0.000000 -0.850651 -0.525731 0.000000 -0.850651 250.000000
-0.702046 -0.160622 -0.693780 -0.702046 -0.160622 -0.693780 250.000000
0.000000 0.273267 -0.961938 0.000000 0.273267 -0.961938 250.000000
-0.262866 0.162460 -0.951057 -0.262866 0.162460 -0.951057 250.000000
-0.259892 -0.433889 -0.862668 -0.259892 -0.433889 -0.862668 250.000000
-0.262866 -0.162460 -0.951057 -0.262866 -0.162460 -0.951057 250.000000
0.000000 -0.273267 -0.961938 0.000000 -0.273267 -0.961938 250.000000
0.425325 0.587785 -0.688191 0.425325 0.587785 -0.688191 250.000000
0.259892 0.433889 -0.862668 0.259892 0.433889 -0.862668 250.000000
0.693780 0.702046 -0.160622 0.693780 0.702046 -0.160622 250.000000
0.587785 0.688191 -0.425325 0.587785 0.688191 -0.425325 250.000000
0.702046 0.160622 -0.693780 0.702046 0.160622 -0.693780 250.000000
0.688191 0.425325 -0.587785 0.688191 0.425325 -0.587785 250.000000
0.862668 0.259892 -0.433889 0.862668 0.259892 -0.433889 250.000000
0.693780 -0.702046 0.160622 0.693780 -0.702046 0.160622 250.000000
0.587785 -0.688191 0.425325 0.587785 -0.688191 0.425325 250.000000
0.433889 -0.862668 0.259892 0.433889 -0.862668 0.259892 250.000000
0.702046 -0.160622 0.693780 0.702046 -0.160622 0.693780 250.000000
0.688191 -0.425325 0.587785 0.688191 -0.425325 0.587785 250.000000
0.862668 -0.259892 0.433889 0.862668 -0.259892 0.433889 250.000000
0.160622 -0.693780 0.702046 0.160622 -0.693780 0.702046 250.000000
0.425325 -0.587785 0.688191 0.425325 -0.587785 0.688191 250.000000
0.259892 -0.433889 0.862668 0.259892 -0.433889 0.862668 250.000000
0.162460 -0.951057 0.262866 0.162460 -0.951057 0.262866 250.000000
0.273267 -0.961938 0.000000 0.273267 -0.961938 0.000000 250.000000
-0.160622 -0.693780 0.702046 -0.160622 -0.693780 0.702046 250.000000
0.000000 -0.850651 0.525731 0.000000 -0.850651 0.525731 250.000000
-0.273267 -0.961938 0.000000 -0.273267 -0.961938 0.000000 250.000000
-0.162460 -0.951057 0.262866 -0.162460 -0.951057 0.262866 250.000000
-0.433889 -0.862668 0.259892 -0.433889 -0.862668 0.259892 250.000000
0.162460 -0.951057 -0.262866 0.162460 -0.951057 -0.262866 250.000000
0.433889 -0.862668 -0.259892 0.433889 -0.862668 -0.259892 250.000000
-0.433889 -0.862668 -0.259892 -0.433889 -0.862668 -0.259892 250.000000
-0.162460 -0.951057 -0.262866 -0.162460 -0.951057 -0.262866 250.000000
0.160622 -0.693780 -0.702046 0.160622 -0.693780 -0.702046 250.000000
0.000000 -0.850651 -0.525731 0.000000 -0.850651 -0.525731 250.000000
-0.160622 -0.693780 -0.702046 -0.160622 -0.693780 -0.702046 250.000000
0.587785 -0.688191 -0.425325 0.587785 -0.688191 -0.425325 250.000000
0.693780 -0.702046 -0.160622 0.693780 -0.702046 -0.160622 250.000000
0.259892 -0.433889 -0.862668 0.259892 -0.433889 -0.862668 250.000000
0.425325 -0.587785 -0.688191 0.425325 -0.587785 -0.688191 250.000000
0.862668 -0.259892 -0.433889 0.862668 -0.259892 -0.433889 250.000000
0.688191 -0.425325 -0.587785 0.688191 -0.425325 -0.587785 250.000000
0.702046 -0.160622 -0.693780 0.702046 -0.160622 -0.693780 250.000000
0.850651 -0.525731 0.000000 0.850651 -0.525731 0.000000 250.000000
0.961938 0.000000 -0.273267 0.961938 0.000000 -0.273267 250.000000
0.951057 -0.262866 -0.162460 0.951057 -0.262866 -0.162460 250.000000
0.951057 -0.262866 0.162460 0.951057 -0.262866 0.162460 250.000000
0.961938 0.000000 0.273267 0.961938 0.000000 0.273267 250.000000
0.262866 -0.162460 0.951057 0.262866 -0.162460 0.951057 250.000000
0.525731 0.000000 0.850651 0.525731 0.000000 0.850651 250.000000
0.262866 0.162460 0.951057 0.262866 0.162460 0.951057 250.000000
-0.587785 -0.688191 0.425325 -0.587785 -0.688191 0.425325 250.000000
-0.425325 -0.587785 0.688191 -0.425325 -0.587785 0.688191 250.000000
-0.688191 -0.425325 0.587785 -0.688191 -0.425325 0.587785 250.000000
-0.425325 -0.587785 -0.688191 -0.425325 -0.587785 -0.688191 250.000000
-0.587785 -0.688191 -0.425325 -0.587785 -0.688191 -0.425325 250.000000
-0.688191 -0.425325 -0.587785 -0.688191 -0.425325 -0.587785 250.000000
0.525731 0.000000 -0.850651 0.525731 0.000000 -0.850651 250.000000
0.262866 -0.162460 -0.951057 0.262866 -0.162460 -0.951057 250.000000
0.262866 0.162460 -0.951057 0.262866 0.162460 -0.951057 250.000000
0.951057 0.262866 0.162460 0.951057 0.262866 0.162460 250.000000
0.951057 0.262866 -0.162460 0.951057 0.262866 -0.162460 250.000000
0.850651 0.525731 0.000000 0.850651 0.525731 0.000000 250.000000
-0.615642 0.783843 0.081086 -0.615642 0.783843 0.081086 250.000000
-0.571252 0.792649 0.213023 -0.571252 0.792649 0.213023 250.000000
-0.484442 0.864929 0.131200 -0.484442 0.864929 0.131200 250.000000
-0.707107 0.601501 0.371748 -0.707107 0.601501 0.371748 250.000000
-0.647412 0.702310 0.296005 -0.647412 0.702310 0.296005 250.000000
-0.758652 0.606825 0.237086 -0.758652 0.606825 0.237086 250.000000
-0.375039 0.843911 0.383614 -0.375039 0.843911 0.383614 250.000000
-0.516122 0.783452 0.346153 -0.516122 0.783452 0.346153 250.000000
-0.453990 0.757935 0.468430 -0.453990 0.757935 0.468430 250.000000
-0.783843 0.081086 0.615642 -0.783843 0.081086 0.615642 250.000000
-0.792649 0.213023 0.571252 -0.792649 0.213023 0.571252 250.000000
-0.864929 0.131200 0.484442 -0.864929 0.131200 0.484442 250.000000
-0.601501 0.371748 0.707107 -0.601501 0.371748 0.707107 250.000000
-0.702310 0.296005 0.647412 -0.702310 0.296005 0.647412 250.000000
-0.606825 0.237086 0.758652 -0.606825 0.237086 0.758652 250.000000
-0.843911 0.383614 0.375039 -0.843911 0.383614 0.375039 250.000000
-0.783452 0.346153 0.516122 -0.783452 0.346153 0.516122 250.000000
-0.757935 0.468430 0.453990 -0.757935 0.468430 0.453990 250.000000
-0.081086 0.615642 0.783843 -0.081086 0.615642 0.783843 250.000000
-0.213023 0.571252 0.792649 -0.213023 0.571252 0.792649 250.000000
-0.131200 0.484442 0.864929 -0.131200 0.484442 0.864929 250.000000
-0.371748 0.707107 0.601501 -0.371748 0.707107 0.601501 250.000000
-0.296005 0.647412 0.702310 -0.296005 0.647412 0.702310 250.000000
-0.237086 0.758652 0.606825 -0.237086 0.758652 0.606825 250.000000
-0.383614 0.375039 0.843911 -0.383614 0.375039 0.843911 250.000000
-0.346153 0.516122 0.783452 -0.346153 0.516122 0.783452 250.000000
-0.468430 0.453990 0.757935 -0.468430 0.453990 0.757935 250.000000
-0.646578 0.564254 0.513375 -0.646578 0.564254 0.513375 250.000000
-0.564254 0.513375 0.646578 -0.564254 0.513375 0.646578 250.000000
-0.513375 0.646578 0.564254 -0.513375 0.646578 0.564254 250.000000
-0.358229 0.924305 0.131655 -0.358229 0.924305 0.131655 250.000000
-0.403355 0.915043 0.000000 -0.403355 0.915043 0.000000 250.000000
-0.238677 0.891007 0.386187 -0.238677 0.891007 0.386187 250.000000
-0.301259 0.916244 0.264083 -0.301259 0.916244 0.264083 250.000000
-0.137952 0.990439 0.000000 -0.137952 0.990439 0.000000 250.000000
-0.220117 0.966393 0.132792 -0.220117 0.966393 0.132792 250.000000
-0.082242 0.987688 0.133071 -0.082242 0.987688 0.133071 250.000000
0.081086 0.615642 0.783843 0.081086 0.615642 0.783843 250.000000
0.000000 0.702907 0.711282 0.000000 0.702907 0.711282 250.000000
0.156434 0.840178 0.519258 0.156434 0.840178 0.519258 250.000000
0.081142 0.780204 0.620240 0.081142 0.780204 0.620240 250.000000
0.237086 0.758652 0.606825 0.237086 0.758652 0.606825 250.000000
-0.081142 0.780204 0.620240 -0.081142 0.780204 0.620240 250.000000
-0.156434 0.840178 0.519258 -0.156434 0.840178 0.519258 250.000000
0.403355 0.915043 0.000000 0.403355 0.915043 0.000000 250.000000
0.358229 0.924305 0.131655 0.358229 0.924305 0.131655 250.000000
0.484442 0.864929 0.131200 0.484442 0.864929 0.131200 250.000000
0.082242 0.987688 0.133071 0.082242 0.987688 0.133071 250.000000
0.220117 0.966393 0.132792 0.220117 0.966393 0.132792 250.000000
0.137952 0.990439 0.000000 0.137952 0.990439 0.000000 250.000000
0.375039 0.843911 0.383614 0.375039 0.843911 0.383614 250.000000
0.301259 0.916244 0.264083 0.301259 0.916244 0.264083 250.000000
0.238677 0.891007 0.386187 0.238677 0.891007 0.386187 250.000000
-0.082324 0.912982 0.399607 -0.082324 0.912982 0.399607 250.000000
0.082324 0.912982 0.399607 0.082324 0.912982 0.399607 250.000000
0.000000 0.963861 0.266405 0.000000 0.963861 0.266405 250.000000
-0.358229 0.924305 -0.131655 -0.358229 0.924305 -0.131655 250.000000
-0.484442 0.864929 -0.131200 -0.484442 0.864929 -0.131200 250.000000
-0.082242 0.987688 -0.133071 -0.082242 0.987688 -0.133071 250.000000
-0.220117 0.966393 -0.132792 -0.220117 0.966393 -0.132792 250.000000
-0.375039 0.843911 -0.383614 -0.375039 0.843911 -0.383614 250.000000
-0.301259 0.916244 -0.264083 -0.301259 0.916244 -0.264083 250.000000
-0.238677 0.891007 -0.386187 -0.238677 0.891007 -0.386187 250.000000
0.484442 0.864929 -0.131200 0.484442 0.864929 -0.131200 250.000000
0.358229 0.924305 -0.131655 0.358229 0.924305 -0.131655 250.000000
0.238677 0.891007 -0.386187 0.238677 0.891007 -0.386187 250.000000
0.301259 0.916244 -0.264083 0.301259 0.916244 -0.264083 250.000000
0.375039 0.843911 -0.383614 0.375039 0.843911 -0.383614 250.000000
0.220117 0.966393 -0.132792 0.220117 0.966393 -0.132792 250.000000
0.082242 0.987688 -0.133071 0.082242 0.987688 -0.133071 250.000000
-0.081086 0.615642 -0.783843 -0.081086 0.615642 -0.783843 250.000000
0.000000 0.702907 -0.711282 0.000000 0.702907 -0.711282 250.000000
0.081086 0.615642 -0.783843 0.081086 0.615642 -0.783843 250.000000
-0.156434 0.840178 -0.519258 -0.156434 0.840178 -0.519258 250.000000
-0.081142 0.780204 -0.620240 -0.081142 0.780204 -0.620240 250.000000
-0.237086 0.758652 -0.606825 -0.237086 0.758652 -0.606825 250.000000
0.237086 0.758652 -0.606825 0.237086 0.758652 -0.606825 250.000000
0.081142 0.780204 -0.620240 0.081142 0.780204 -0.620240 250.000000
0.156434 0.840178 -0.519258 0.156434 0.840178 -0.519258 250.000000
0.000000 0.963861 -0.266405 0.000000 0.963861 -0.266405 250.000000
0.082324 0.912982 -0.399607 0.082324 0.912982 -0.399607 250.000000
-0.082324 0.912982 -0.399607 -0.082324 0.912982 -0.399607 250.000000
-0.571252 0.792649 -0.213023 -0.571252 0.792649 -0.213023 250.000000
-0.615642 0.783843 -0.081086 -0.615642 0.783843 -0.081086 250.000000
-0.453990 0.757935 -0.468430 -0.453990 0.757935 -0.468430 250.000000
-0.516122 0.783452 -0.346153 -0.516122 0.783452 -0.346153 250.000000
-0.758652 0.606825 -0.237086 -0.758652 0.606825 -0.237086 250.000000
-0.647412 0.702310 -0.296005 -0.647412 0.702310 -0.296005 250.000000
-0.707107 0.601501 -0.371748 -0.707107 0.601501 -0.371748 250.000000
-0.131200 0.484442 -0.864929 -0.131200 0.484442 -0.864929 250.000000
-0.213023 0.571252 -0.792649 -0.213023 0.571252 -0.792649 250.000000
-0.468430 0.453990 -0.757935 -0.468430 0.453990 -0.757935 250.000000
-0.346153 0.516122 -0.783452 -0.346153 0.516122 -0.783452 250.000000
-0.383614 0.375039 -0.843911 -0.383614 0.375039 -0.843911 250.000000
-0.296005 0.647412 -0.702310 -0.296005 0.647412 -0.702310 250.000000
-0.371748 0.707107 -0.601501 -0.371748 0.707107 -0.601501 250.000000
-0.864929 0.131200 -0.484442 -0.864929 0.131200 -0.484442 250.000000
-0.792649 0.213023 -0.571252 -0.792649 0.213023 -0.571252 250.000000
-0.783843 0.081086 -0.615642 -0.783843 0.081086 -0.615642 250.000000
-0.757935 0.468430 -0.453990 -0.757935 0.468430 -0.453990 250.000000
-0.783452 0.346153 -0.516122 -0.783452 0.346153 -0.516122 250.000000
-0.843911 0.383614 -0.375039 -0.843911 0.383614 -0.375039 250.000000
-0.606825 0.237086 -0.758652 -0.606825 0.237086 -0.758652 250.000000
-0.702310 0.296005 -0.647412 -0.702310 0.296005 -0.647412 250.000000
-0.601501 0.371748 -0.707107 -0.601501 0.371748 -0.707107 250.000000
-0.513375 0.646578 -0.564254 -0.513375 0.646578 -0.564254 250.000000
-0.564254 0.513375 -0.646578 -0.564254 0.513375 -0.646578 250.000000
-0.646578 0.564254 -0.513375 -0.646578 0.564254 -0.513375 250.000000
-0.702907 0.711282 0.000000 -0.702907 0.711282 0.000000 250.000000
-0.840178 0.519258 -0.156434 -0.840178 0.519258 -0.156434 250.000000
-0.780204 0.620240 -0.081142 -0.780204 0.620240 -0.081142 250.000000
-0.780204 0.620240 0.081142 -0.780204 0.620240 0.081142 250.000000
-0.840178 0.519258 0.156434 -0.840178 0.519258 0.156434 250.000000
-0.915043 0.000000 -0.403355 -0.915043 0.000000 -0.403355 250.000000
-0.924305 0.131655 -0.358229 -0.924305 0.131655 -0.358229 250.000000
-0.987688 0.133071 -0.082242 -0.987688 0.133071 -0.082242 250.000000
-0.966393 0.132792 -0.220117 -0.966393 0.132792 -0.220117 250.000000
-0.990439 0.000000 -0.137952 -0.990439 0.000000 -0.137952 250.000000
-0.916244 0.264083 -0.301259 -0.916244 0.264083 -0.301259 250.000000
-0.891007 0.386187 -0.238677 -0.891007 0.386187 -0.238677 250.000000
-0.924305 0.131655 0.358229 -0.924305 0.131655 0.358229 250.000000
-0.915043 0.000000 0.403355 -0.915043 0.000000 0.403355 250.000000
-0.891007 0.386187 0.238677 -0.891007 0.386187 0.238677 250.000000
-0.916244 0.264083 0.301259 -0.916244 0.264083 0.301259 250.000000
-0.990439 0.000000 0.137952 -0.990439 0.000000 0.137952 250.000000
-0.966393 0.132792 0.220117 -0.966393 0.132792 0.220117 250.000000
-0.987688 0.133071 0.082242 -0.987688 0.133071 0.082242 250.000000
-0.912982 0.399607 -0.082324 -0.912982 0.399607 -0.082324 250.000000
-0.963861 0.266405 0.000000 -0.963861 0.266405 0.000000 250.000000
-0.912982 0.399607 0.082324 -0.912982 0.399607 0.082324 250.000000
0.571252 0.792649 0.213023 0.571252 0.792649 0.213023 250.000000
0.615642 0.783843 0.081086 0.615642 0.783843 0.081086 250.000000
0.453990 0.757935 0.468430 0.453990 0.757935 0.468430 250.000000
0.516122 0.783452 0.346153 0.516122 0.783452 0.346153 250.000000
0.758652 0.606825 0.237086 0.758652 0.606825 0.237086 250.000000
0.647412 0.702310 0.296005 0.647412 0.702310 0.296005 250.000000
0.707107 0.601501 0.371748 0.707107 0.601501 0.371748 250.000000
0.131200 0.484442 0.864929 0.131200 0.484442 0.864929 250.000000
0.213023 0.571252 0.792649 0.213023 0.571252 0.792649 250.000000
0.468430 0.453990 0.757935 0.468430 0.453990 0.757935 250.000000
0.346153 0.516122 0.783452 0.346153 0.516122 0.783452 250.000000
0.383614 0.375039 0.843911 0.383614 0.375039 0.843911 250.000000
0.296005 0.647412 0.702310 0.296005 0.647412 0.702310 250.000000
0.371748 0.707107 0.601501 0.371748 0.707107 0.601501 250.000000
0.864929 0.131200 0.484442 0.864929 0.131200 0.484442 250.000000
0.792649 0.213023 0.571252 0.792649 0.213023 0.571252 250.000000
0.783843 0.081086 0.615642 0.783843 0.081086 0.615642 250.000000
0.757935 0.468430 0.453990 0.757935 0.468430 0.453990 250.000000
0.783452 0.346153 0.516122 0.783452 0.346153 0.516122 250.000000
0.843911 0.383614 0.375039 0.843911 0.383614 0.375039 250.000000
0.606825 0.237086 0.758652 0.606825 0.237086 0.758652 250.000000
0.702310 0.296005 0.647412 0.702310 0.296005 0.647412 250.000000
0.601501 0.371748 0.707107 0.601501 0.371748 0.707107 250.000000
0.513375 0.646578 0.564254 0.513375 0.646578 0.564254 250.000000
0.564254 0.513375 0.646578 0.564254 0.513375 0.646578 250.000000
0.646578 0.564254 0.513375 0.646578 0.564254 0.513375 250.000000
-0.131655 0.358229 0.924305 -0.131655 0.358229 0.924305 250.000000
0.000000 0.403355 0.915043 0.000000 0.403355 0.915043 250.000000
-0.386187 0.238677 0.891007 -0.386187 0.238677 0.891007 250.000000
-0.264083 0.301259 0.916244 -0.264083 0.301259 0.916244 250.000000
0.000000 0.137952 0.990439 0.000000 0.137952 0.990439 250.000000
-0.132792 0.220117 0.966393 -0.132792 0.220117 0.966393 250.000000
-0.133071 0.082242 0.987688 -0.133071 0.082242 0.987688 250.000000
-0.783843 -0.081086 0.615642 -0.783843 -0.081086 0.615642 250.000000
-0.711282 0.000000 0.702907 -0.711282 0.000000 0.702907 250.000000
-0.519258 -0.156434 0.840178 -0.519258 -0.156434 0.840178 250.000000
-0.620240 -0.081142 0.780204 -0.620240 -0.081142 0.780204 250.000000
-0.606825 -0.237086 0.758652 -0.606825 -0.237086 0.758652 250.000000
-0.620240 0.081142 0.780204 -0.620240 0.081142 0.780204 250.000000
-0.519258 0.156434 0.840178 -0.519258 0.156434 0.840178 250.000000
0.000000 -0.403355 0.915043 0.000000 -0.403355 0.915043 250.000000
-0.131655 -0.358229 0.924305 -0.131655 -0.358229 0.924305 250.000000
-0.131200 -0.484442 0.864929 -0.131200 -0.484442 0.864929 250.000000
-0.133071 -0.082242 0.987688 -0.133071 -0.082242 0.987688 250.000000
-0.132792 -0.220117 0.966393 -0.132792 -0.220117 0.966393 250.000000
0.000000 -0.137952 0.990439 0.000000 -0.137952 0.990439 250.000000
-0.383614 -0.375039 0.843911 -0.383614 -0.375039 0.843911 250.000000
-0.264083 -0.301259 0.916244 -0.264083 -0.301259 0.916244 250.000000
-0.386187 -0.238677 0.891007 -0.386187 -0.238677 0.891007 250.000000
-0.399607 0.082324 0.912982 -0.399607 0.082324 0.912982 250.000000
-0.399607 -0.082324 0.912982 -0.399607 -0.082324 0.912982 250.000000
-0.266405 0.000000 0.963861 -0.266405 0.000000 0.963861 250.000000
-0.924305 -0.131655 0.358229 -0.924305 -0.131655 0.358229 250.000000
-0.864929 -0.131200 0.484442 -0.864929 -0.131200 0.484442 250.000000
-0.987688 -0.133071 0.082242 -0.987688 -0.133071 0.082242 250.000000
-0.966393 -0.132792 0.220117 -0.966393 -0.132792 0.220117 250.000000
-0.843911 -0.383614 0.375039 -0.843911 -0.383614 0.375039 250.000000
-0.916244 -0.264083 0.301259 -0.916244 -0.264083 0.301259 250.000000
-0.891007 -0.386187 0.238677 -0.891007 -0.386187 0.238677 250.000000
-0.864929 -0.131200 -0.484442 -0.864929 -0.131200 -0.484442 250.000000
-0.924305 -0.131655 -0.358229 -0.924305 -0.131655 -0.358229 250.000000
-0.891007 -0.386187 -0.238677 -0.891007 -0.386187 -0.238677 250.000000
-0.916244 -0.264083 -0.301259 -0.916244 -0.264083 -0.301259 250.000000
-0.843911 -0.383614 -0.375039 -0.843911 -0.383614 -0.375039 250.000000
-0.966393 -0.132792 -0.220117 -0.966393 -0.132792 -0.220117 250.000000
-0.987688 -0.133071 -0.082242 -0.987688 -0.133071 -0.082242 250.000000
-0.615642 -0.783843 0.081086 -0.615642 -0.783843 0.081086 250.000000
-0.702907 -0.711282 0.000000 -0.702907 -0.711282 0.000000 250.000000
-0.615642 -0.783843 -0.081086 -0.615642 -0.783843 -0.081086 250.000000
-0.840178 -0.519258 0.156434 -0.840178 -0.519258 0.156434 250.000000
-0.780204 -0.620240 0.081142 -0.780204 -0.620240 0.081142 250.000000
-0.758652 -0.606825 0.237086 -0.758652 -0.606825 0.237086 250.000000
-0.758652 -0.606825 -0.237086 -0.758652 -0.606825 -0.237086 250.000000
-0.780204 -0.620240 -0.081142 -0.780204 -0.620240 -0.081142 250.000000
-0.840178 -0.519258 -0.156434 -0.840178 -0.519258 -0.156434 250.000000
-0.963861 -0.266405 0.000000 -0.963861 -0.266405 0.000000 250.000000
-0.912982 -0.399607 -0.082324 -0.912982 -0.399607 -0.082324 250.000000
-0.912982 -0.399607 0.082324 -0.912982 -0.399607 0.082324 250.000000
-0.711282 0.000000 -0.702907 -0.711282 0.000000 -0.702907 250.000000
-0.783843 -0.081086 -0.615642 -0.783843 -0.081086 -0.615642 250.000000
-0.519258 0.156434 -0.840178 -0.519258 0.156434 -0.840178 250.000000
-0.620240 0.081142 -0.780204 -0.620240 0.081142 -0.780204 250.000000
-0.606825 -0.237086 -0.758652 -0.606825 -0.237086 -0.758652 250.000000
-0.620240 -0.081142 -0.780204 -0.620240 -0.081142 -0.780204 250.000000
-0.519258 -0.156434 -0.840178 -0.519258 -0.156434 -0.840178 250.000000
0.000000 0.403355 -0.915043 0.000000 0.403355 -0.915043 250.000000
-0.131655 0.358229 -0.924305 -0.131655 0.358229 -0.924305 250.000000
-0.133071 0.082242 -0.987688 -0.133071 0.082242 -0.987688 250.000000
-0.132792 0.220117 -0.966393 -0.132792 0.220117 -0.966393 250.000000
0.000000 0.137952 -0.990439 0.000000 0.137952 -0.990439 250.000000
-0.264083 0.301259 -0.916244 -0.264083 0.301259 -0.916244 250.000000
-0.386187 0.238677 -0.891007 -0.386187 0.238677 -0.891007 250.000000
-0.131200 -0.484442 -0.864929 -0.131200 -0.484442 -0.864929 250.000000
-0.131655 -0.358229 -0.924305 -0.131655 -0.358229 -0.924305 250.000000
0.000000 -0.403355 -0.915043 0.000000 -0.403355 -0.915043 250.000000
-0.386187 -0.238677 -0.891007 -0.386187 -0.238677 -0.891007 250.000000
-0.264083 -0.301259 -0.916244 -0.264083 -0.301259 -0.916244 250.000000
-0.383614 -0.375039 -0.843911 -0.383614 -0.375039 -0.843911 250.000000
0.000000 -0.137952 -0.990439 0.000000 -0.137952 -0.990439 250.000000
-0.132792 -0.220117 -0.966393 -0.132792 -0.220117 -0.966393 250.000000
-0.133071 -0.082242 -0.987688 -0.133071 -0.082242 -0.987688 250.000000
-0.399607 0.082324 -0.912982 -0.399607 0.082324 -0.912982 250.000000
-0.266405 0.000000 -0.963861 -0.266405 0.000000 -0.963861 250.000000
-0.399607 -0.082324 -0.912982 -0.399607 -0.082324 -0.912982 250.000000
0.213023 0.571252 -0.792649 0.213023 0.571252 -0.792649 250.000000
0.131200 0.484442 -0.864929 0.131200 0.484442 -0.864929 250.000000
0.371748 0.707107 -0.601501 0.371748 0.707107 -0.601501 250.000000
0.296005 0.647412 -0.702310 0.296005 0.647412 -0.702310 250.000000
0.383614 0.375039 -0.843911 0.383614 0.375039 -0.843911 250.000000
0.346153 0.516122 -0.783452 0.346153 0.516122 -0.783452 250.000000
0.468430 0.453990 -0.757935 0.468430 0.453990 -0.757935 250.000000
0.615642 0.783843 -0.081086 0.615642 0.783843 -0.081086 250.000000
0.571252 0.792649 -0.213023 0.571252 0.792649 -0.213023 250.000000
0.707107 0.601501 -0.371748 0.707107 0.601501 -0.371748 250.000000
0.647412 0.702310 -0.296005 0.647412 0.702310 -0.296005 250.000000
0.758652 0.606825 -0.237086 0.758652 0.606825 -0.237086 250.000000
0.516122 0.783452 -0.346153 0.516122 0.783452 -0.346153 250.000000
0.453990 0.757935 -0.468430 0.453990 0.757935 -0.468430 250.000000
0.783843 0.081086 -0.615642 0.783843 0.081086 -0.615642 250.000000
0.792649 0.213023 -0.571252 0.792649 0.213023 -0.571252 250.000000
0.864929 0.131200 -0.484442 0.864929 0.131200 -0.484442 250.000000
0.601501 0.371748 -0.707107 0.601501 0.371748 -0.707107 250.000000
0.702310 0.296005 -0.647412 0.702310 0.296005 -0.647412 250.000000
0.606825 0.237086 -0.758652 0.606825 0.237086 -0.758652 250.000000
0.843911 0.383614 -0.375039 0.843911 0.383614 -0.375039 250.000000
0.783452 0.346153 -0.516122 0.783452 0.346153 -0.516122 250.000000
0.757935 0.468430 -0.453990 0.757935 0.468430 -0.453990 250.000000
0.513375 0.646578 -0.564254 0.513375 0.646578 -0.564254 250.000000
0.646578 0.564254 -0.513375 0.646578 0.564254 -0.513375 250.000000
0.564254 0.513375 -0.646578 0.564254 0.513375 -0.646578 250.000000
0.615642 -0.783843 0.081086 0.615642 -0.783843 0.081086 250.000000
0.571252 -0.792649 0.213023 0.571252 -0.792649 0.213023 250.000000
0.484442 -0.864929 0.131200 0.484442 -0.864929 0.131200 250.000000
0.707107 -0.601501 0.371748 0.707107 -0.601501 0.371748 250.000000
0.647412 -0.702310 0.296005 0.647412 -0.702310 0.296005 250.000000
0.758652 -0.606825 0.237086 0.758652 -0.606825 0.237086 250.000000
0.375039 -0.843911 0.383614 0.375039 -0.843911 0.383614 250.000000
0.516122 -0.783452 0.346153 0.516122 -0.783452 0.346153 250.000000
0.453990 -0.757935 0.468430 0.453990 -0.757935 0.468430 250.000000
0.783843 -0.081086 0.615642 0.783843 -0.081086 0.615642 250.000000
0.792649 -0.213023 0.571252 0.792649 -0.213023 0.571252 250.000000
0.864929 -0.131200 0.484442 0.864929 -0.131200 0.484442 250.000000
0.601501 -0.371748 0.707107 0.601501 -0.371748 0.707107 250.000000
0.702310 -0.296005 0.647412 0.702310 -0.296005 0.647412 250.000000
0.606825 -0.237086 0.758652 0.606825 -0.237086 0.758652 250.000000
0.843911 -0.383614 0.375039 0.843911 -0.383614 0.375039 250.000000
0.783452 -0.346153 0.516122 0.783452 -0.346153 0.516122 250.000000
0.757935 -0.468430 0.453990 0.757935 -0.468430 0.453990 250.000000
0.081086 -0.615642 0.783843 0.081086 -0.615642 0.783843 250.000000
0.213023 -0.571252 0.792649 0.213023 -0.571252 0.792649 250.000000
0.131200 -0.484442 0.864929 0.131200 -0.484442 0.864929 250.000000
0.371748 -0.707107 0.601501 0.371748 -0.707107 0.601501 250.000000
0.296005 -0.647412 0.702310 0.296005 -0.647412 0.702310 250.000000
0.237086 -0.758652 0.606825 0.237086 -0.758652 0.606825 250.000000
0.383614 -0.375039 0.843911 0.383614 -0.375039 0.843911 250.000000
0.346153 -0.516122 0.783452 0.346153 -0.516122 0.783452 250.000000
0.468430 -0.453990 0.757935 0.468430 -0.453990 0.757935 250.000000
0.646578 -0.564254 0.513375 0.646578 -0.564254 0.513375 250.000000
0.564254 -0.513375 0.646578 0.564254 -0.513375 0.646578 250.000000
0.513375 -0.646578 0.564254 0.513375 -0.646578 0.564254 250.000000
0.358229 -0.924305 0.131655 0.358229 -0.924305 0.131655 250.000000
0.403355 -0.915043 0.000000 0.403355 -0.915043 0.000000 250.000000
0.238677 -0.891007 0.386187 0.238677 -0.891007 0.386187 250.000000
0.301259 -0.916244 0.264083 0.301259 -0.916244 0.264083 250.000000
0.137952 -0.990439 0.000000 0.137952 -0.990439 0.000000 250.000000
0.220117 -0.966393 0.132792 0.220117 -0.966393 0.132792 250.000000
0.082242 -0.987688 0.133071 0.082242 -0.987688 0.133071 250.000000
-0.081086 -0.615642 0.783843 -0.081086 -0.615642 0.783843 250.000000
0.000000 -0.702907 0.711282 0.000000 -0.702907 0.711282 250.000000
-0.156434 -0.840178 0.519258 -0.156434 -0.840178 0.519258 250.000000
-0.081142 -0.780204 0.620240 -0.081142 -0.780204 0.620240 250.000000
-0.237086 -0.758652 0.606825 -0.237086 -0.758652 0.606825 250.000000
0.081142 -0.780204 0.620240 0.081142 -0.780204 0.620240 250.000000
0.156434 -0.840178 0.519258 0.156434 -0.840178 0.519258 250.000000
-0.403355 -0.915043 0.000000 -0.403355 -0.915043 0.000000 250.000000
-0.358229 -0.924305 0.131655 -0.358229 -0.924305 0.131655 250.000000
-0.484442 -0.864929 0.131200 -0.484442 -0.864929 0.131200 250.000000
-0.082242 -0.987688 0.133071 -0.082242 -0.987688 0.133071 250.000000
-0.220117 -0.966393 0.132792 -0.220117 -0.966393 0.132792 250.000000
-0.137952 -0.990439 0.000000 -0.137952 -0.990439 0.000000 250.000000
-0.375039 -0.843911 0.383614 -0.375039 -0.843911 0.383614 250.000000
-0.301259 -0.916244 0.264083 -0.301259 -0.916244 0.264083 250.000000
-0.238677 -0.891007 0.386187 -0.238677 -0.891007 0.386187 250.000000
0.082324 -0.912982 0.399607 0.082324 -0.912982 0.399607 250.000000
-0.082324 -0.912982 0.399607 -0.082324 -0.912982 0.399607 250.000000
0.000000 -0.963861 0.266405 0.000000 -0.963861 0.266405 250.000000
0.358229 -0.924305 -0.131655 0.358229 -0.924305 -0.131655 250.000000
0.484442 -0.864929 -0.131200 0.484442 -0.864929 -0.131200 250.000000
0.082242 -0.987688 -0.133071 0.082242 -0.987688 -0.133071 250.000000
0.220117 -0.966393 -0.132792 0.220117 -0.966393 -0.132792 250.000000
0.375039 -0.843911 -0.383614 0.375039 -0.843911 -0.383614 250.000000
0.301259 -0.916244 -0.264083 0.301259 -0.916244 -0.264083 250.000000
0.238677 -0.891007 -0.386187 0.238677 -0.891007 -0.386187 250.000000
-0.484442 -0.864929 -0.131200 -0.484442 -0.864929 -0.131200 250.000000
-0.358229 -0.924305 -0.131655 -0.358229 -0.924305 -0.131655 250.000000
-0.238677 -0.891007 -0.386187 -0.238677 -0.891007 -0.386187 250.000000
-0.301259 -0.916244 -0.264083 -0.301259 -0.916244 -0.264083 250.000000
-0.375039 -0.843911 -0.383614 -0.375039 -0.843911 -0.383614 250.000000
-0.220117 -0.966393 -0.132792 -0.220117 -0.966393 -0.132792 250.000000
-0.082242 -0.987688 -0.133071 -0.082242 -0.987688 -0.133071 250.000000
0.081086 -0.615642 -0.783843 0.081086 -0.615642 -0.783843 250.000000
0.000000 -0.702907 -0.711282 0.000000 -0.702907 -0.711282 250.000000
-0.081086 -0.615642 -0.783843 -0.081086 -0.615642 -0.783843 250.000000
0.156434 -0.840178 -0.519258 0.156434 -0.840178 -0.519258 250.000000
0.081142 -0.780204 -0.620240 0.081142 -0.780204 -0.620240 250.000000
0.237086 -0.758652 -0.606825 0.237086 -0.758652 -0.606825 250.000000
-0.237086 -0.758652 -0.606825 -0.237086 -0.758652 -0.606825 250.000000
-0.081142 -0.780204 -0.620240 -0.081142 -0.780204 -0.620240 250.000000
-0.156434 -0.840178 -0.519258 -0.156434 -0.840178 -0.519258 250.000000
0.000000 -0.963861 -0.266405 0.000000 -0.963861 -0.266405 250.000000
-0.082324 -0.912982 -0.399607 -0.082324 -0.912982 -0.399607 250.000000
0.082324 -0.912982 -0.399607 0.082324 -0.912982 -0.399607 250.000000
0.571252 -0.792649 -0.213023 0.571252 -0.792649 -0.213023 250.000000
0.615642 -0.783843 -0.081086 0.615642 -0.783843 -0.081086 250.000000
0.453990 -0.757935 -0.468430 0.453990 -0.757935 -0.468430 250.000000
0.516122 -0.783452 -0.346153 0.516122 -0.783452 -0.346153 250.000000
0.758652 -0.606825 -0.237086 0.758652 -0.606825 -0.237086 250.000000
0.647412 -0.702310 -0.296005 0.647412 -0.702310 -0.296005 250.000000
0.707107 -0.601501 -0.371748 0.707107 -0.601501 -0.371748 250.000000
0.131200 -0.484442 -0.864929 0.131200 -0.484442 -0.864929 250.000000
0.213023 -0.571252 -0.792649 0.213023 -0.571252 -0.792649 250.000000
0.468430 -0.453990 -0.757935 0.468430 -0.453990 -0.757935 250.000000
0.346153 -0.516122 -0.783452 0.346153 -0.516122 -0.783452 250.000000
0.383614 -0.375039 -0.843911 0.383614 -0.375039 -0.843911 250.000000
0.296005 -0.647412 -0.702310 0.296005 -0.647412 -0.702310 250.000000
0.371748 -0.707107 -0.601501 0.371748 -0.707107 -0.601501 250.000000
0.864929 -0.131200 -0.484442 0.864929 -0.131200 -0.484442 250.000000
0.792649 -0.213023 -0.571252 0.792649 -0.213023 -0.571252 250.000000
0.783843 -0.081086 -0.615642 0.783843 -0.081086 -0.615642 250.000000
0.757935 -0.468430 -0.453990 0.757935 -0.468430 -0.453990 250.000000
0.783452 -0.346153 -0.516122 0.783452 -0.346153 -0.516122 250.000000
0.843911 -0.383614 -0.375039 0.843911 -0.383614 -0.375039 250.000000
0.606825 -0.237086 -0.758652 0.606825 -0.237086 -0.758652 250.000000
0.702310 -0.296005 -0.647412 0.702310 -0.296005 -0.647412 250.000000
0.601501 -0.371748 -0.707107 0.601501 -0.371748 -0.707107 250.000000
0.513375 -0.646578 -0.564254 0.513375 -0.646578 -0.564254 250.000000
0.564254 -0.513375 -0.646578 0.564254 -0.513375 -0.646578 250.000000
0.646578 -0.564254 -0.513375 0.646578 -0.564254 -0.513375 250.000000
0.702907 -0.711282 0.000000 0.702907 -0.711282 0.000000 250.000000
0.840178 -0.519258 -0.156434 0.840178 -0.519258 -0.156434 250.000000
0.780204 -0.620240 -0.081142 0.780204 -0.620240 -0.081142 250.000000
0.780204 -0.620240 0.081142 0.780204 -0.620240 0.081142 250.000000
0.840178 -0.519258 0.156434 0.840178 -0.519258 0.156434 250.000000
0.915043 0.000000 -0.403355 0.915043 0.000000 -0.403355 250.000000
0.924305 -0.131655 -0.358229 0.924305 -0.131655 -0.358229 250.000000
0.987688 -0.133071 -0.082242 0.987688 -0.133071 -0.082242 250.000000
0.966393 -0.132792 -0.220117 0.966393 -0.132792 -0.220117 250.000000
0.990439 0.000000 -0.137952 0.990439 0.000000 -0.137952 250.000000
0.916244 -0.264083 -0.301259 0.916244 -0.264083 -0.301259 250.000000
0.891007 -0.386187 -0.238677 0.891007 -0.386187 -0.238677 250.000000
0.924305 -0.131655 0.358229 0.924305 -0.131655 0.358229 250.000000
0.915043 0.000000 0.403355 0.915043 0.000000 0.403355 250.000000
0.891007 -0.386187 0.238677 0.891007 -0.386187 0.238677 250.000000
0.916244 -0.264083 0.301259 0.916244 -0.264083 0.301259 250.000000
0.990439 0.000000 0.137952 0.990439 0.000000 0.137952 250.000000
0.966393 -0.132792 0.220117 0.966393 -0.132792 0.220117 250.000000
0.987688 -0.133071 0.082242 0.987688 -0.133071 0.082242 250.000000
0.912982 -0.399607 -0.082324 0.912982 -0.399607 -0.082324 250.000000
0.963861 -0.266405 0.000000 0.963861 -0.266405 0.000000 250.000000
0.912982 -0.399607 0.082324 0.912982 -0.399607 0.082324 250.000000
0.131655 -0.358229 0.924305 0.131655 -0.358229 0.924305 250.000000
0.386187 -0.238677 0.891007 0.386187 -0.238677 0.891007 250.000000
0.264083 -0.301259 0.916244 0.264083 -0.301259 0.916244 250.000000
0.132792 -0.220117 0.966393 0.132792 -0.220117 0.966393 250.000000
0.133071 -0.082242 0.987688 0.133071 -0.082242 0.987688 250.000000
0.711282 0.000000 0.702907 0.711282 0.000000 0.702907 250.000000
0.519258 0.156434 0.840178 0.519258 0.156434 0.840178 250.000000
0.620240 0.081142 0.780204 0.620240 0.081142 0.780204 250.000000
0.620240 -0.081142 0.780204 0.620240 -0.081142 0.780204 250.000000
0.519258 -0.156434 0.840178 0.519258 -0.156434 0.840178 250.000000
0.131655 0.358229 0.924305 0.131655 0.358229 0.924305 250.000000
0.133071 0.082242 0.987688 0.133071 0.082242 0.987688 250.000000
0.132792 0.220117 0.966393 0.132792 0.220117 0.966393 250.000000
0.264083 0.301259 0.916244 0.264083 0.301259 0.916244 250.000000
0.386187 0.238677 0.891007 0.386187 0.238677 0.891007 250.000000
0.399607 -0.082324 0.912982 0.399607 -0.082324 0.912982 250.000000
0.399607 0.082324 0.912982 0.399607 0.082324 0.912982 250.000000
0.266405 0.000000 0.963861 0.266405 0.000000 0.963861 250.000000
-0.571252 -0.792649 0.213023 -0.571252 -0.792649 0.213023 250.000000
-0.453990 -0.757935 0.468430 -0.453990 -0.757935 0.468430 250.000000
-0.516122 -0.783452 0.346153 -0.516122 -0.783452 0.346153 250.000000
-0.647412 -0.702310 0.296005 -0.647412 -0.702310 0.296005 250.000000
-0.707107 -0.601501 0.371748 -0.707107 -0.601501 0.371748 250.000000
-0.213023 -0.571252 0.792649 -0.213023 -0.571252 0.792649 250.000000
-0.468430 -0.453990 0.757935 -0.468430 -0.453990 0.757935 250.000000
-0.346153 -0.516122 0.783452 -0.346153 -0.516122 0.783452 250.000000
-0.296005 -0.647412 0.702310 -0.296005 -0.647412 0.702310 250.000000
-0.371748 -0.707107 0.601501 -0.371748 -0.707107 0.601501 250.000000
-0.792649 -0.213023 0.571252 -0.792649 -0.213023 0.571252 250.000000
-0.757935 -0.468430 0.453990 -0.757935 -0.468430 0.453990 250.000000
-0.783452 -0.346153 0.516122 -0.783452 -0.346153 0.516122 250.000000
-0.702310 -0.296005 0.647412 -0.702310 -0.296005 0.647412 250.000000
-0.601501 -0.371748 0.707107 -0.601501 -0.371748 0.707107 250.000000
-0.513375 -0.646578 0.564254 -0.513375 -0.646578 0.564254 250.000000
-0.564254 -0.513375 0.646578 -0.564254 -0.513375 0.646578 250.000000
-0.646578 -0.564254 0.513375 -0.646578 -0.564254 0.513375 250.000000
-0.213023 -0.571252 -0.792649 -0.213023 -0.571252 -0.792649 250.000000
-0.371748 -0.707107 -0.601501 -0.371748 -0.707107 -0.601501 250.000000
-0.296005 -0.647412 -0.702310 -0.296005 -0.647412 -0.702310 250.000000
-0.346153 -0.516122 -0.783452 -0.346153 -0.516122 -0.783452 250.000000
-0.468430 -0.453990 -0.757935 -0.468430 -0.453990 -0.757935 250.000000
-0.571252 -0.792649 -0.213023 -0.571252 -0.792649 -0.213023 250.000000
-0.707107 -0.601501 -0.371748 -0.707107 -0.601501 -0.371748 250.000000
-0.647412 -0.702310 -0.296005 -0.647412 -0.702310 -0.296005 250.000000
-0.516122 -0.783452 -0.346153 -0.516122 -0.783452 -0.346153 250.000000
-0.453990 -0.757935 -0.468430 -0.453990 -0.757935 -0.468430 250.000000
-0.792649 -0.213023 -0.571252 -0.792649 -0.213023 -0.571252 250.000000
-0.601501 -0.371748 -0.707107 -0.601501 -0.371748 -0.707107 250.000000
-0.702310 -0.296005 -0.647412 -0.702310 -0.296005 -0.647412 250.000000
-0.783452 -0.346153 -0.516122 -0.783452 -0.346153 -0.516122 250.000000
-0.757935 -0.468430 -0.453990 -0.757935 -0.468430 -0.453990 250.000000
-0.513375 -0.646578 -0.564254 -0.513375 -0.646578 -0.564254 250.000000
-0.646578 -0.564254 -0.513375 -0.646578 -0.564254 -0.513375 250.000000
-0.564254 -0.513375 -0.646578 -0.564254 -0.513375 -0.646578 250.000000
0.711282 0.000000 -0.702907 0.711282 0.000000 -0.702907 250.000000
0.519258 -0.156434 -0.840178 0.519258 -0.156434 -0.840178 250.000000
0.620240 -0.081142 -0.780204 0.620240 -0.081142 -0.780204 250.000000
0.620240 0.081142 -0.780204 0.620240 0.081142 -0.780204 250.000000
0.519258 0.156434 -0.840178 0.519258 0.156434 -0.840178 250.000000
0.131655 -0.358229 -0.924305 0.131655 -0.358229 -0.924305 250.000000
0.133071 -0.082242 -0.987688 0.133071 -0.082242 -0.987688 250.000000
0.132792 -0.220117 -0.966393 0.132792 -0.220117 -0.966393 250.000000
0.264083 -0.301259 -0.916244 0.264083 -0.301259 -0.916244 250.000000
0.386187 -0.238677 -0.891007 0.386187 -0.238677 -0.891007 250.000000
0.131655 0.358229 -0.924305 0.131655 0.358229 -0.924305 250.000000
0.386187 0.238677 -0.891007 0.386187 0.238677 -0.891007 250.000000
0.264083 0.301259 -0.916244 0.264083 0.301259 -0.916244 250.000000
0.132792 0.220117 -0.966393 0.132792 0.220117 -0.966393 250.000000
0.133071 0.082242 -0.987688 0.133071 0.082242 -0.987688 250.000000
0.399607 -0.082324 -0.912982 0.399607 -0.082324 -0.912982 250.000000
0.266405 0.000000 -0.963861 0.266405 0.000000 -0.963861 250.000000
0.399607 0.082324 -0.912982 0.399607 0.082324 -0.912982 250.000000
0.924305 0.131655 0.358229 0.924305 0.131655 0.358229 250.000000
0.987688 0.133071 0.082242 0.987688 0.133071 0.082242 250.000000
0.966393 0.132792 0.220117 0.966393 0.132792 0.220117 250.000000
0.916244 0.264083 0.301259 0.916244 0.264083 0.301259 250.000000
0.891007 0.386187 0.238677 0.891007 0.386187 0.238677 250.000000
0.924305 0.131655 -0.358229 0.924305 0.131655 -0.358229 250.000000
0.891007 0.386187 -0.238677 0.891007 0.386187 -0.238677 250.000000
0.916244 0.264083 -0.301259 0.916244 0.264083 -0.301259 250.000000
0.966393 0.132792 -0.220117 0.966393 0.132792 -0.220117 250.000000
0.987688 0.133071 -0.082242 0.987688 0.133071 -0.082242 250.000000
0.702907 0.711282 0.000000 0.702907 0.711282 0.000000 250.000000
0.840178 0.519258 0.156434 0.840178 0.519258 0.156434 250.000000
0.780204 0.620240 0.081142 0.780204 0.620240 0.081142 250.000000
0.780204 0.620240 -0.081142 0.780204 0.620240 -0.081142 250.000000
0.840178 0.519258 -0.156434 0.840178 0.519258 -0.156434 250.000000
0.963861 0.266405 0.000000 0.963861 0.266405 0.000000 250.000000
0.912982 0.399607 -0.082324 0.912982 0.399607 -0.082324 250.000000
0.912982 0.399607 0.082324 0.912982 0.399607 0.082324 250.000000
