642
-0.525731 0.850651 0.000000 -0.525731 0.850651 0.000000 0.3
0.525731 0.850651 0.000000 0.525731 0.850651 0.000000 0.3
-0.525731 -0.850651 0.000000 -0.525731 -0.850651 0.000000 0.3
0.525731 -0.850651 0.000000 0.525731 -0.850651 0.000000 0.3
0.000000 -0.525731 0.850651 0.000000 -0.525731 0.850651 0.3
0.000000 0.525731 0.850651 0.000000 0.525731 0.850651 0.3
0.000000 -0.525731 -0.850651 0.000000 -0.525731 -0.850651 1.0
0.000000 0.525731 -0.850651 0.000000 0.525731 -0.850651 1.0
0.850651 0.000000 -0.525731 0.850651 0.000000 -0.525731 1.0
0.850651 0.000000 0.525731 0.850651 0.000000 0.525731 0.3
-0.850651 0.000000 -0.525731 -0.850651 0.000000 -0.525731 1.0
-0.850651 0.000000 0.525731 -0.850651 0.000000 0.525731 0.3
-0.809017 0.500000 0.309017 -0.809017 0.500000 0.309017 0.3
-0.500000 0.309017 0.809017 -0.500000 0.309017 0.809017 0.3
-0.309017 0.809017 0.500000 -0.309017 0.809017 0.500000 0.3
0.309017 0.809017 0.500000 0.309017 0.809017 0.500000 0.3
0.000000 1.000000 0.000000 0.000000 1.000000 0.000000 0.3
0.309017 0.809017 -0.500000 0.309017 0.809017 -0.500000 1.0
-0.309017 0.809017 -0.500000 -0.309017 0.809017 -0.500000 1.0
-0.500000 0.309017 -0.809017 -0.500000 0.309017 -0.809017 1.0
-0.809017 0.500000 -0.309017 -0.809017 0.500000 -0.309017 1.0
-1.000000 0.000000 0.000000 -1.000000 0.000000 0.000000 0.3
0.500000 0.309017 0.809017 0.500000 0.309017 0.809017 0.3
0.809017 0.500000 0.309017 0.809017 0.500000 0.309017 0.3
-0.500000 -0.309017 0.809017 -0.500000 -0.309017 0.809017 0.3
0.000000 0.000000 1.000000 0.000000 0.000000 1.000000 0.3
-0.809017 -0.500000 -0.309017 -0.809017 -0.500000 -0.309017 1.0
-0.809017 -0.500000 0.309017 -0.809017 -0.500000 0.309017 0.3
0.000000 0.000000 -1.000000 0.000000 0.000000 -1.000000 1.0
-0.500000 -0.309017 -0.809017 -0.500000 -0.309017 -0.809017 1.0
0.809017 0.500000 -0.309017 0.809017 0.500000 -0.309017 1.0
0.500000 0.309017 -0.809017 0.500000 0.309017 -0.809017 1.0
0.809017 -0.500000 0.309017 0.809017 -0.500000 0.309017 0.3
0.500000 -0.309017 0.809017 0.500000 -0.309017 0.809017 0.3
0.309017 -0.809017 0.500000 0.309017 -0.809017 0.500000 0.3
-0.309017 -0.809017 0.500000 -0.309017 -0.809017 0.500000 0.3
0.000000 -1.000000 0.000000 0.000000 -1.000000 0.000000 0.3
-0.309017 -0.809017 -0.500000 -0.309017 -0.809017 -0.500000 1.0
0.309017 -0.809017 -0.500000 0.309017 -0.809017 -0.500000 1.0
0.500000 -0.309017 -0.809017 0.500000 -0.309017 -0.809017 1.0
0.809017 -0.500000 -0.309017 0.809017 -0.500000 -0.309017 1.0
1.000000 0.000000 0.000000 1.000000 0.000000 0.000000 0.3
-0.693780 0.702046 0.160622 -0.693780 0.702046 0.160622 0.3
-0.587785 0.688191 0.425325 -0.587785 0.688191 0.425325 0.3
-0.433889 0.862668 0.259892 -0.433889 0.862668 0.259892 0.3
-0.702046 0.160622 0.693780 -0.702046 0.160622 0.693780 0.3
-0.688191 0.425325 0.587785 -0.688191 0.425325 0.587785 0.3
-0.862668 0.259892 0.433889 -0.862668 0.259892 0.433889 0.3
-0.160622 0.693780 0.702046 -0.160622 0.693780 0.702046 0.3
-0.425325 0.587785 0.688191 -0.425325 0.587785 0.688191 0.3
-0.259892 0.433889 0.862668 -0.259892 0.433889 0.862668 0.3
-0.162460 0.951057 0.262866 -0.162460 0.951057 0.262866 0.3
-0.273267 0.961938 0.000000 -0.273267 0.961938 0.000000 0.3
0.160622 0.693780 0.702046 0.160622 0.693780 0.702046 0.3
0.000000 0.850651 0.525731 0.000000 0.850651 0.525731 0.3
0.273267 0.961938 0.000000 0.273267 0.961938 0.000000 0.3
0.162460 0.951057 0.262866 0.162460 0.951057 0.262866 0.3
0.433889 0.862668 0.259892 0.433889 0.862668 0.259892 0.3
-0.162460 0.951057 -0.262866 -0.162460 0.951057 -0.262866 1.0
-0.433889 0.862668 -0.259892 -0.433889 0.862668 -0.259892 1.0
0.433889 0.862668 -0.259892 0.433889 0.862668 -0.259892 1.0
0.162460 0.951057 -0.262866 0.162460 0.951057 -0.262866 1.0
-0.160622 0.693780 -0.702046 -0.160622 0.693780 -0.702046 1.0
0.000000 0.850651 -0.525731 0.000000 0.850651 -0.525731 1.0
0.160622 0.693780 -0.702046 0.160622 0.693780 -0.702046 1.0
-0.587785 0.688191 -0.425325 -0.587785 0.688191 -0.425325 1.0
-0.693780 0.702046 -0.160622 -0.693780 0.702046 -0.160622 1.0
-0.259892 0.433889 -0.862668 -0.259892 0.433889 -0.862668 1.0
-0.425325 0.587785 -0.688191 -0.425325 0.587785 -0.688191 1.0
-0.862668 0.259892 -0.433889 -0.862668 0.259892 -0.433889 1.0
-0.688191 0.425325 -0.587785 -0.688191 0.425325 -0.587785 1.0
-0.702046 0.160622 -0.693780 -0.702046 0.160622 -0.693780 1.0
-0.850651 0.525731 0.000000 -0.850651 0.525731 0.000000 0.3
-0.961938 0.000000 -0.273267 -0.961938 0.000000 -0.273267 1.0
-0.951057 0.262866 -0.162460 -0.951057 0.262866 -0.162460 1.0
-0.951057 0.262866 0.162460 -0.951057 0.262866 0.162460 0.3
-0.961938 0.000000 0.273267 -0.961938 0.000000 0.273267 0.3
0.587785 0.688191 0.425325 0.587785 0.688191 0.425325 0.3
0.693780 0.702046 0.160622 0.693780 0.702046 0.160622 0.3
0.259892 0.433889 0.862668 0.259892 0.433889 0.862668 0.3
0.425325 0.587785 0.688191 0.425325 0.587785 0.688191 0.3
0.862668 0.259892 0.433889 0.862668 0.259892 0.433889 0.3
0.688191 0.425325 0.587785 0.688191 0.425325 0.587785 0.3
0.702046 0.160622 0.693780 0.702046 0.160622 0.693780 0.3
-0.262866 0.162460 0.951057 -0.262866 0.162460 0.951057 0.3
0.000000 0.273267 0.961938 0.000000 0.273267 0.961938 0.3
-0.702046 -0.160622 0.693780 -0.702046 -0.160622 0.693780 0.3
-0.525731 0.000000 0.850651 -0.525731 0.000000 0.850651 0.3
0.000000 -0.273267 0.961938 0.000000 -0.273267 0.961938 0.3
-0.262866 -0.162460 0.951057 -0.262866 -0.162460 0.951057 0.3
-0.259892 -0.433889 0.862668 -0.259892 -0.433889 0.862668 0.3
-0.951057 -0.262866 0.162460 -0.951057 -0.262866 0.162460 0.3
-0.862668 -0.259892 0.433889 -0.862668 -0.259892 0.433889 0.3
-0.862668 -0.259892 -0.433889 -0.862668 -0.259892 -0.433889 1.0
-0.951057 -0.262866 -0.162460 -0.951057 -0.262866 -0.162460 1.0
-0.693780 -0.702046 0.160622 -0.693780 -0.702046 0.160622 0.3
-0.850651 -0.525731 0.000000 -0.850651 -0.525731 0.000000 0.3
-0.693780 -0.702046 -0.160622 -0.693780 -0.702046 -0.160622 1.0
-0.525731 0.000000 -0.850651 -0.525731 0.000000 -0.850651 1.0
-0.702046 -0.160622 -0.693780 -0.702046 -0.160622 -0.693780 1.0
0.000000 0.273267 -0.961938 0.000000 0.273267 -0.961938 1.0
-0.262866 0.162460 -0.951057 -0.262866 0.162460 -0.951057 1.0
-0.259892 -0.433889 -0.862668 -0.259892 -0.433889 -0.862668 1.0
-0.262866 -0.162460 -0.951057 -0.262866 -0.162460 -0.951057 1.0
0.000000 -0.273267 -0.961938 0.000000 -0.273267 -0.961938 1.0
0.425325 0.587785 -0.688191 0.425325 0.587785 -0.688191 1.0
0.259892 0.433889 -0.862668 0.259892 0.433889 -0.862668 1.0
0.693780 0.702046 -0.160622 0.693780 0.702046 -0.160622 1.0
0.587785 0.688191 -0.425325 0.587785 0.688191 -0.425325 1.0
0.702046 0.160622 -0.693780 0.702046 0.160622 -0.693780 1.0
0.688191 0.425325 -0.587785 0.688191 0.425325 -0.587785 1.0
0.862668 0.259892 -0.433889 0.862668 0.259892 -0.433889 1.0
0.693780 -0.702046 0.160622 0.693780 -0.702046 0.160622 0.3
0.587785 -0.688191 0.425325 0.587785 -0.688191 0.425325 0.3
0.433889 -0.862668 0.259892 0.433889 -0.862668 0.259892 0.3
0.702046 -0.160622 0.693780 0.702046 -0.160622 0.693780 0.3
0.688191 -0.425325 0.587785 0.688191 -0.425325 0.587785 0.3
0.862668 -0.259892 0.433889 0.862668 -0.259892 0.433889 0.3
0.160622 -0.693780 0.702046 0.160622 -0.693780 0.702046 0.3
0.425325 -0.587785 0.688191 0.425325 -0.587785 0.688191 0.3
0.259892 -0.433889 0.862668 0.259892 -0.433889 0.862668 0.3
0.162460 -0.951057 0.262866 0.162460 -0.951057 0.262866 0.3
0.273267 -0.961938 0.000000 0.273267 -0.961938 0.000000 0.3
-0.160622 -0.693780 0.702046 -0.160622 -0.693780 0.702046 0.3
0.000000 -0.850651 0.525731 0.000000 -0.850651 0.525731 0.3
-0.273267 -0.961938 0.000000 -0.273267 -0.961938 0.000000 0.3
-0.162460 -0.951057 0.262866 -0.162460 -0.951057 0.262866 0.3
-0.433889 -0.862668 0.259892 -0.433889 -0.862668 0.259892 0.3
0.162460 -0.951057 -0.262866 0.162460 -0.951057 -0.262866 1.0
0.433889 -0.862668 -0.259892 0.433889 -0.862668 -0.259892 1.0
-0.433889 -0.862668 -0.259892 -0.433889 -0.862668 -0.259892 1.0
-0.162460 -0.951057 -0.262866 -0.162460 -0.951057 -0.262866 1.0
0.160622 -0.693780 -0.702046 0.160622 -0.693780 -0.702046 1.0
0.000000 -0.850651 -0.525731 0.000000 -0.850651 -0.525731 1.0
-0.160622 -0.693780 -0.702046 -0.160622 -0.693780 -0.702046 1.0
0.587785 -0.688191 -0.425325 0.587785 -0.688191 -0.425325 1.0
0.693780 -0.702046 -0.160622 0.693780 -0.702046 -0.160622 1.0
0.259892 -0.433889 -0.862668 0.259892 -0.433889 -0.862668 1.0
0.425325 -0.587785 -0.688191 0.425325 -0.587785 -0.688191 1.0
0.862668 -0.259892 -0.433889 0.862668 -0.259892 -0.433889 1.0
0.688191 -0.425325 -0.587785 0.688191 -0.425325 -0.587785 1.0
0.702046 -0.160622 -0.693780 0.702046 -0.160622 -0.693780 1.0
0.850651 -0.525731 0.000000 0.850651 -0.525731 0.000000 0.3
0.961938 0.000000 -0.273267 0.961938 0.000000 -0.273267 1.0
0.951057 -0.262866 -0.162460 0.951057 -0.262866 -0.162460 1.0
0.951057 -0.262866 0.162460 0.951057 -0.262866 0.162460 0.3
0.961938 0.000000 0.273267 0.961938 0.000000 0.273267 0.3
0.262866 -0.162460 0.951057 0.262866 -0.162460 0.951057 0.3
0.525731 0.000000 0.850651 0.525731 0.000000 0.850651 0.3
0.262866 0.162460 0.951057 0.262866 0.162460 0.951057 0.3
-0.587785 -0.688191 0.425325 -0.587785 -0.688191 0.425325 0.3
-0.425325 -0.587785 0.688191 -0.425325 -0.587785 0.688191 0.3
-0.688191 -0.425325 0.587785 -0.688191 -0.425325 0.587785 0.3
-0.425325 -0.587785 -0.688191 -0.425325 -0.587785 -0.688191 1.0
-0.587785 -0.688191 -0.425325 -0.587785 -0.688191 -0.425325 1.0
-0.688191 -0.425325 -0.587785 -0.688191 -0.425325 -0.587785 1.0
0.525731 0.000000 -0.850651 0.525731 0.000000 -0.850651 1.0
0.262866 -0.162460 -0.951057 0.262866 -0.162460 -0.951057 1.0
0.262866 0.162460 -0.951057 0.262866 0.162460 -0.951057 1.0
0.951057 0.262866 0.162460 0.951057 0.262866 0.162460 0.3
0.951057 0.262866 -0.162460 0.951057 0.262866 -0.162460 1.0
0.850651 0.525731 0.000000 0.850651 0.525731 0.000000 0.3
-0.615642 0.783843 0.081086 -0.615642 0.783843 0.081086 0.3
-0.571252 0.792649 0.213023 -0.571252 0.792649 0.213023 0.3
-0.484442 0.864929 0.131200 -0.484442 0.864929 0.131200 0.3
-0.707107 0.601501 0.371748 -0.707107 0.601501 0.371748 0.3
-0.647412 0.702310 0.296005 -0.647412 0.702310 0.296005 0.3
-0.758652 0.606825 0.237086 -0.758652 0.606825 0.237086 0.3
-0.375039 0.843911 0.383614 -0.375039 0.843911 0.383614 0.3
-0.516122 0.783452 0.346153 -0.516122 0.783452 0.346153 0.3
-0.453990 0.757935 0.468430 -0.453990 0.757935 0.468430 0.3
-0.783843 0.081086 0.615642 -0.783843 0.081086 0.615642 0.3
-0.792649 0.213023 0.571252 -0.792649 0.213023 0.571252 0.3
-0.864929 0.131200 0.484442 -0.864929 0.131200 0.484442 0.3
-0.601501 0.371748 0.707107 -0.601501 0.371748 0.707107 0.3
-0.702310 0.296005 0.647412 -0.702310 0.296005 0.647412 0.3
-0.606825 0.237086 0.758652 -0.606825 0.237086 0.758652 0.3
-0.843911 0.383614 0.375039 -0.843911 0.383614 0.375039 0.3
-0.783452 0.346153 0.516122 -0.783452 0.346153 0.516122 0.3
-0.757935 0.468430 0.453990 -0.757935 0.468430 0.453990 0.3
-0.081086 0.615642 0.783843 -0.081086 0.615642 0.783843 0.3
-0.213023 0.571252 0.792649 -0.213023 0.571252 0.792649 0.3
-0.131200 0.484442 0.864929 -0.131200 0.484442 0.864929 0.3
-0.371748 0.707107 0.601501 -0.371748 0.707107 0.601501 0.3
-0.296005 0.647412 0.702310 -0.296005 0.647412 0.702310 0.3
-0.237086 0.758652 0.606825 -0.237086 0.758652 0.606825 0.3
-0.383614 0.375039 0.843911 -0.383614 0.375039 0.843911 0.3
-0.346153 0.516122 0.783452 -0.346153 0.516122 0.783452 0.3
-0.468430 0.453990 0.757935 -0.468430 0.453990 0.757935 0.3
-0.646578 0.564254 0.513375 -0.646578 0.564254 0.513375 0.3
-0.564254 0.513375 0.646578 -0.564254 0.513375 0.646578 0.3
-0.513375 0.646578 0.564254 -0.513375 0.646578 0.564254 0.3
-0.358229 0.924305 0.131655 -0.358229 0.924305 0.131655 0.3
-0.403355 0.915043 0.000000 -0.403355 0.915043 0.000000 0.3
-0.238677 0.891007 0.386187 -0.238677 0.891007 0.386187 0.3
-0.301259 0.916244 0.264083 -0.301259 0.916244 0.264083 0.3
-0.137952 0.990439 0.000000 -0.137952 0.990439 0.000000 0.3
-0.220117 0.966393 0.132792 -0.220117 0.966393 0.132792 0.3
-0.082242 0.987688 0.133071 -0.082242 0.987688 0.133071 0.3
0.081086 0.615642 0.783843 0.081086 0.615642 0.783843 0.3
0.000000 0.702907 0.711282 0.000000 0.702907 0.711282 0.3
0.156434 0.840178 0.519258 0.156434 0.840178 0.519258 0.3
0.081142 0.780204 0.620240 0.081142 0.780204 0.620240 0.3
0.237086 0.758652 0.606825 0.237086 0.758652 0.606825 0.3
-0.081142 0.780204 0.620240 -0.081142 0.780204 0.620240 0.3
-0.156434 0.840178 0.519258 -0.156434 0.840178 0.519258 0.3
0.403355 0.915043 0.000000 0.403355 0.915043 0.000000 0.3
0.358229 0.924305 0.131655 0.358229 0.924305 0.131655 0.3
0.484442 0.864929 0.131200 0.484442 0.864929 0.131200 0.3
0.082242 0.987688 0.133071 0.082242 0.987688 0.133071 0.3
0.220117 0.966393 0.132792 0.220117 0.966393 0.132792 0.3
0.137952 0.990439 0.000000 0.137952 0.990439 0.000000 0.3
0.375039 0.843911 0.383614 0.375039 0.843911 0.383614 0.3
0.301259 0.916244 0.264083 0.301259 0.916244 0.264083 0.3
0.238677 0.891007 0.386187 0.238677 0.891007 0.386187 0.3
-0.082324 0.912982 0.399607 -0.082324 0.912982 0.399607 0.3
0.082324 0.912982 0.399607 0.082324 0.912982 0.399607 0.3
0.000000 0.963861 0.266405 0.000000 0.963861 0.266405 0.3
-0.358229 0.924305 -0.131655 -0.358229 0.924305 -0.131655 1.0
-0.484442 0.864929 -0.131200 -0.484442 0.864929 -0.131200 1.0
-0.082242 0.987688 -0.133071 -0.082242 0.987688 -0.133071 1.0
-0.220117 0.966393 -0.132792 -0.220117 0.966393 -0.132792 1.0
-0.375039 0.843911 -0.383614 -0.375039 0.843911 -0.383614 1.0
-0.301259 0.916244 -0.264083 -0.301259 0.916244 -0.264083 1.0
-0.238677 0.891007 -0.386187 -0.238677 0.891007 -0.386187 1.0
0.484442 0.864929 -0.131200 0.484442 0.864929 -0.131200 1.0
0.358229 0.924305 -0.131655 0.358229 0.924305 -0.131655 1.0
0.238677 0.891007 -0.386187 0.238677 0.891007 -0.386187 1.0
0.301259 0.916244 -0.264083 0.301259 0.916244 -0.264083 1.0
0.375039 0.843911 -0.383614 0.375039 0.843911 -0.383614 1.0
0.220117 0.966393 -0.132792 0.220117 0.966393 -0.132792 1.0
0.082242 0.987688 -0.133071 0.082242 0.987688 -0.133071 1.0
-0.081086 0.615642 -0.783843 -0.081086 0.615642 -0.783843 1.0
0.000000 0.702907 -0.711282 0.000000 0.702907 -0.711282 1.0
0.081086 0.615642 -0.783843 0.081086 0.615642 -0.783843 1.0
-0.156434 0.840178 -0.519258 -0.156434 0.840178 -0.519258 1.0
-0.081142 0.780204 -0.620240 -0.081142 0.780204 -0.620240 1.0
-0.237086 0.758652 -0.606825 -0.237086 0.758652 -0.606825 1.0
0.237086 0.758652 -0.606825 0.237086 0.758652 -0.606825 1.0
0.081142 0.780204 -0.620240 0.081142 0.780204 -0.620240 1.0
0.156434 0.840178 -0.519258 0.156434 0.840178 -0.519258 1.0
0.000000 0.963861 -0.266405 0.000000 0.963861 -0.266405 1.0
0.082324 0.912982 -0.399607 0.082324 0.912982 -0.399607 1.0
-0.082324 0.912982 -0.399607 -0.082324 0.912982 -0.399607 1.0
-0.571252 0.792649 -0.213023 -0.571252 0.792649 -0.213023 1.0
-0.615642 0.783843 -0.081086 -0.615642 0.783843 -0.081086 1.0
-0.453990 0.757935 -0.468430 -0.453990 0.757935 -0.468430 1.0
-0.516122 0.783452 -0.346153 -0.516122 0.783452 -0.346153 1.0
-0.758652 0.606825 -0.237086 -0.758652 0.606825 -0.237086 1.0
-0.647412 0.702310 -0.296005 -0.647412 0.702310 -0.296005 1.0
-0.707107 0.601501 -0.371748 -0.707107 0.601501 -0.371748 1.0
-0.131200 0.484442 -0.864929 -0.131200 0.484442 -0.864929 1.0
-0.213023 0.571252 -0.792649 -0.213023 0.571252 -0.792649 1.0
-0.468430 0.453990 -0.757935 -0.468430 0.453990 -0.757935 1.0
-0.346153 0.516122 -0.783452 -0.346153 0.516122 -0.783452 1.0
-0.383614 0.375039 -0.843911 -0.383614 0.375039 -0.843911 1.0
-0.296005 0.647412 -0.702310 -0.296005 0.647412 -0.702310 1.0
-0.371748 0.707107 -0.601501 -0.371748 0.707107 -0.601501 1.0
-0.864929 0.131200 -0.484442 -0.864929 0.131200 -0.484442 1.0
-0.792649 0.213023 -0.571252 -0.792649 0.213023 -0.571252 1.0
-0.783843 0.081086 -0.615642 -0.783843 0.081086 -0.615642 1.0
-0.757935 0.468430 -0.453990 -0.757935 0.468430 -0.453990 1.0
-0.783452 0.346153 -0.516122 -0.783452 0.346153 -0.516122 1.0
-0.843911 0.383614 -0.375039 -0.843911 0.383614 -0.375039 1.0
-0.606825 0.237086 -0.758652 -0.606825 0.237086 -0.758652 1.0
-0.702310 0.296005 -0.647412 -0.702310 0.296005 -0.647412 1.0
-0.601501 0.371748 -0.707107 -0.601501 0.371748 -0.707107 1.0
-0.513375 0.646578 -0.564254 -0.513375 0.646578 -0.564254 1.0
-0.564254 0.513375 -0.646578 -0.564254 0.513375 -0.646578 1.0
-0.646578 0.564254 -0.513375 -0.646578 0.564254 -0.513375 1.0
-0.702907 0.711282 0.000000 -0.702907 0.711282 0.000000 0.3
-0.840178 0.519258 -0.156434 -0.840178 0.519258 -0.156434 1.0
-0.780204 0.620240 -0.081142 -0.780204 0.620240 -0.081142 1.0
-0.780204 0.620240 0.081142 -0.780204 0.620240 0.081142 0.3
-0.840178 0.519258 0.156434 -0.840178 0.519258 0.156434 0.3
-0.915043 0.000000 -0.403355 -0.915043 0.000000 -0.403355 1.0
-0.924305 0.131655 -0.358229 -0.924305 0.131655 -0.358229 1.0
-0.987688 0.133071 -0.082242 -0.987688 0.133071 -0.082242 1.0
-0.966393 0.132792 -0.220117 -0.966393 0.132792 -0.220117 1.0
-0.990439 0.000000 -0.137952 -0.990439 0.000000 -0.137952 1.0
-0.916244 0.264083 -0.301259 -0.916244 0.264083 -0.301259 1.0
-0.891007 0.386187 -0.238677 -0.891007 0.386187 -0.238677 1.0
-0.924305 0.131655 0.358229 -0.924305 0.131655 0.358229 0.3
-0.915043 0.000000 0.403355 -0.915043 0.000000 0.403355 0.3
-0.891007 0.386187 0.238677 -0.891007 0.386187 0.238677 0.3
-0.916244 0.264083 0.301259 -0.916244 0.264083 0.301259 0.3
-0.990439 0.000000 0.137952 -0.990439 0.000000 0.137952 0.3
-0.966393 0.132792 0.220117 -0.966393 0.132792 0.220117 0.3
-0.987688 0.133071 0.082242 -0.987688 0.133071 0.082242 0.3
-0.912982 0.399607 -0.082324 -0.912982 0.399607 -0.082324 1.0
-0.963861 0.266405 0.000000 -0.963861 0.266405 0.000000 0.3
-0.912982 0.399607 0.082324 -0.912982 0.399607 0.082324 0.3
0.571252 0.792649 0.213023 0.571252 0.792649 0.213023 0.3
0.615642 0.783843 0.081086 0.615642 0.783843 0.081086 0.3
0.453990 0.757935 0.468430 0.453990 0.757935 0.468430 0.3
0.516122 0.783452 0.346153 0.516122 0.783452 0.346153 0.3
0.758652 0.606825 0.237086 0.758652 0.606825 0.237086 0.3
0.647412 0.702310 0.296005 0.647412 0.702310 0.296005 0.3
0.707107 0.601501 0.371748 0.707107 0.601501 0.371748 0.3
0.131200 0.484442 0.864929 0.131200 0.484442 0.864929 0.3
0.213023 0.571252 0.792649 0.213023 0.571252 0.792649 0.3
0.468430 0.453990 0.757935 0.468430 0.453990 0.757935 0.3
0.346153 0.516122 0.783452 0.346153 0.516122 0.783452 0.3
0.383614 0.375039 0.843911 0.383614 0.375039 0.843911 0.3
0.296005 0.647412 0.702310 0.296005 0.647412 0.702310 0.3
0.371748 0.707107 0.601501 0.371748 0.707107 0.601501 0.3
0.864929 0.131200 0.484442 0.864929 0.131200 0.484442 0.3
0.792649 0.213023 0.571252 0.792649 0.213023 0.571252 0.3
0.783843 0.081086 0.615642 0.783843 0.081086 0.615642 0.3
0.757935 0.468430 0.453990 0.757935 0.468430 0.453990 0.3
0.783452 0.346153 0.516122 0.783452 0.346153 0.516122 0.3
0.843911 0.383614 0.375039 0.843911 0.383614 0.375039 0.3
0.606825 0.237086 0.758652 0.606825 0.237086 0.758652 0.3
0.702310 0.296005 0.647412 0.702310 0.296005 0.647412 0.3
0.601501 0.371748 0.707107 0.601501 0.371748 0.707107 0.3
0.513375 0.646578 0.564254 0.513375 0.646578 0.564254 0.3
0.564254 0.513375 0.646578 0.564254 0.513375 0.646578 0.3
0.646578 0.564254 0.513375 0.646578 0.564254 0.513375 0.3
-0.131655 0.358229 0.924305 -0.131655 0.358229 0.924305 0.3
0.000000 0.403355 0.915043 0.000000 0.403355 0.915043 0.3
-0.386187 0.238677 0.891007 -0.386187 0.238677 0.891007 0.3
-0.264083 0.301259 0.916244 -0.264083 0.301259 0.916244 0.3
0.000000 0.137952 0.990439 0.000000 0.137952 0.990439 0.3
-0.132792 0.220117 0.966393 -0.132792 0.220117 0.966393 0.3
-0.133071 0.082242 0.987688 -0.133071 0.082242 0.987688 0.3
-0.783843 -0.081086 0.615642 -0.783843 -0.081086 0.615642 0.3
-0.711282 0.000000 0.702907 -0.711282 0.000000 0.702907 0.3
-0.519258 -0.156434 0.840178 -0.519258 -0.156434 0.840178 0.3
-0.620240 -0.081142 0.780204 -0.620240 -0.081142 0.780204 0.3
-0.606825 -0.237086 0.758652 -0.606825 -0.237086 0.758652 0.3
-0.620240 0.081142 0.780204 -0.620240 0.081142 0.780204 0.3
-0.519258 0.156434 0.840178 -0.519258 0.156434 0.840178 0.3
0.000000 -0.403355 0.915043 0.000000 -0.403355 0.915043 0.3
-0.131655 -0.358229 0.924305 -0.131655 -0.358229 0.924305 0.3
-0.131200 -0.484442 0.864929 -0.131200 -0.484442 0.864929 0.3
-0.133071 -0.082242 0.987688 -0.133071 -0.082242 0.987688 0.3
-0.132792 -0.220117 0.966393 -0.132792 -0.220117 0.966393 0.3
0.000000 -0.137952 0.990439 0.000000 -0.137952 0.990439 0.3
-0.383614 -0.375039 0.843911 -0.383614 -0.375039 0.843911 0.3
-0.264083 -0.301259 0.916244 -0.264083 -0.301259 0.916244 0.3
-0.386187 -0.238677 0.891007 -0.386187 -0.238677 0.891007 0.3
-0.399607 0.082324 0.912982 -0.399607 0.082324 0.912982 0.3
-0.399607 -0.082324 0.912982 -0.399607 -0.082324 0.912982 0.3
-0.266405 0.000000 0.963861 -0.266405 0.000000 0.963861 0.3
-0.924305 -0.131655 0.358229 -0.924305 -0.131655 0.358229 0.3
-0.864929 -0.131200 0.484442 -0.864929 -0.131200 0.484442 0.3
-0.987688 -0.133071 0.082242 -0.987688 -0.133071 0.082242 0.3
-0.966393 -0.132792 0.220117 -0.966393 -0.132792 0.220117 0.3
-0.843911 -0.383614 0.375039 -0.843911 -0.383614 0.375039 0.3
-0.916244 -0.264083 0.301259 -0.916244 -0.264083 0.301259 0.3
-0.891007 -0.386187 0.238677 -0.891007 -0.386187 0.238677 0.3
-0.864929 -0.131200 -0.484442 -0.864929 -0.131200 -0.484442 1.0
-0.924305 -0.131655 -0.358229 -0.924305 -0.131655 -0.358229 1.0
-0.891007 -0.386187 -0.238677 -0.891007 -0.386187 -0.238677 1.0
-0.916244 -0.264083 -0.301259 -0.916244 -0.264083 -0.301259 1.0
-0.843911 -0.383614 -0.375039 -0.843911 -0.383614 -0.375039 1.0
-0.966393 -0.132792 -0.220117 -0.966393 -0.132792 -0.220117 1.0
-0.987688 -0.133071 -0.082242 -0.987688 -0.133071 -0.082242 1.0
-0.615642 -0.783843 0.081086 -0.615642 -0.783843 0.081086 0.3
-0.702907 -0.711282 0.000000 -0.702907 -0.711282 0.000000 0.3
-0.615642 -0.783843 -0.081086 -0.615642 -0.783843 -0.081086 1.0
-0.840178 -0.519258 0.156434 -0.840178 -0.519258 0.156434 0.3
-0.780204 -0.620240 0.081142 -0.780204 -0.620240 0.081142 0.3
-0.758652 -0.606825 0.237086 -0.758652 -0.606825 0.237086 0.3
-0.758652 -0.606825 -0.237086 -0.758652 -0.606825 -0.237086 1.0
-0.780204 -0.620240 -0.081142 -0.780204 -0.620240 -0.081142 1.0
-0.840178 -0.519258 -0.156434 -0.840178 -0.519258 -0.156434 1.0
-0.963861 -0.266405 0.000000 -0.963861 -0.266405 0.000000 0.3
-0.912982 -0.399607 -0.082324 -0.912982 -0.399607 -0.082324 1.0
-0.912982 -0.399607 0.082324 -0.912982 -0.399607 0.082324 0.3
-0.711282 0.000000 -0.702907 -0.711282 0.000000 -0.702907 1.0
-0.783843 -0.081086 -0.615642 -0.783843 -0.081086 -0.615642 1.0
-0.519258 0.156434 -0.840178 -0.519258 0.156434 -0.840178 1.0
-0.620240 0.081142 -0.780204 -0.620240 0.081142 -0.780204 1.0
-0.606825 -0.237086 -0.758652 -0.606825 -0.237086 -0.758652 1.0
-0.620240 -0.081142 -0.780204 -0.620240 -0.081142 -0.780204 1.0
-0.519258 -0.156434 -0.840178 -0.519258 -0.156434 -0.840178 1.0
0.000000 0.403355 -0.915043 0.000000 0.403355 -0.915043 1.0
-0.131655 0.358229 -0.924305 -0.131655 0.358229 -0.924305 1.0
-0.133071 0.082242 -0.987688 -0.133071 0.082242 -0.987688 1.0
-0.132792 0.220117 -0.966393 -0.132792 0.220117 -0.966393 1.0
0.000000 0.137952 -0.990439 0.000000 0.137952 -0.990439 1.0
-0.264083 0.301259 -0.916244 -0.264083 0.301259 -0.916244 1.0
-0.386187 0.238677 -0.891007 -0.386187 0.238677 -0.891007 1.0
-0.131200 -0.484442 -0.864929 -0.131200 -0.484442 -0.864929 1.0
-0.131655 -0.358229 -0.924305 -0.131655 -0.358229 -0.924305 1.0
0.000000 -0.403355 -0.915043 0.000000 -0.403355 -0.915043 1.0
-0.386187 -0.238677 -0.891007 -0.386187 -0.238677 -0.891007 1.0
-0.264083 -0.301259 -0.916244 -0.264083 -0.301259 -0.916244 1.0
-0.383614 -0.375039 -0.843911 -0.383614 -0.375039 -0.843911 1.0
0.000000 -0.137952 -0.990439 0.000000 -0.137952 -0.990439 1.0
-0.132792 -0.220117 -0.966393 -0.132792 -0.220117 -0.966393 1.0
-0.133071 -0.082242 -0.987688 -0.133071 -0.082242 -0.987688 1.0
-0.399607 0.082324 -0.912982 -0.399607 0.082324 -0.912982 1.0
-0.266405 0.000000 -0.963861 -0.266405 0.000000 -0.963861 1.0
-0.399607 -0.082324 -0.912982 -0.399607 -0.082324 -0.912982 1.0
0.213023 0.571252 -0.792649 0.213023 0.571252 -0.792649 1.0
0.131200 0.484442 -0.864929 0.131200 0.484442 -0.864929 1.0
0.371748 0.707107 -0.601501 0.371748 0.707107 -0.601501 1.0
0.296005 0.647412 -0.702310 0.296005 0.647412 -0.702310 1.0
0.383614 0.375039 -0.843911 0.383614 0.375039 -0.843911 1.0
0.346153 0.516122 -0.783452 0.346153 0.516122 -0.783452 1.0
0.468430 0.453990 -0.757935 0.468430 0.453990 -0.757935 1.0
0.615642 0.783843 -0.081086 0.615642 0.783843 -0.081086 1.0
0.571252 0.792649 -0.213023 0.571252 0.792649 -0.213023 1.0
0.707107 0.601501 -0.371748 0.707107 0.601501 -0.371748 1.0
0.647412 0.702310 -0.296005 0.647412 0.702310 -0.296005 1.0
0.758652 0.606825 -0.237086 0.758652 0.606825 -0.237086 1.0
0.516122 0.783452 -0.346153 0.516122 0.783452 -0.346153 1.0
0.453990 0.757935 -0.468430 0.453990 0.757935 -0.468430 1.0
0.783843 0.081086 -0.615642 0.783843 0.081086 -0.615642 1.0
0.792649 0.213023 -0.571252 0.792649 0.213023 -0.571252 1.0
0.864929 0.131200 -0.484442 0.864929 0.131200 -0.484442 1.0
0.601501 0.371748 -0.707107 0.601501 0.371748 -0.707107 1.0
0.702310 0.296005 -0.647412 0.702310 0.296005 -0.647412 1.0
0.606825 0.237086 -0.758652 0.606825 0.237086 -0.758652 1.0
0.843911 0.383614 -0.375039 0.843911 0.383614 -0.375039 1.0
0.783452 0.346153 -0.516122 0.783452 0.346153 -0.516122 1.0
0.757935 0.468430 -0.453990 0.757935 0.468430 -0.453990 1.0
0.513375 0.646578 -0.564254 0.513375 0.646578 -0.564254 1.0
0.646578 0.564254 -0.513375 0.646578 0.564254 -0.513375 1.0
0.564254 0.513375 -0.646578 0.564254 0.513375 -0.646578 1.0
0.615642 -0.783843 0.081086 0.615642 -0.783843 0.081086 0.3
0.571252 -0.792649 0.213023 0.571252 -0.792649 0.213023 0.3
0.484442 -0.864929 0.131200 0.484442 -0.864929 0.131200 0.3
0.707107 -0.601501 0.371748 0.707107 -0.601501 0.371748 0.3
0.647412 -0.702310 0.296005 0.647412 -0.702310 0.296005 0.3
0.758652 -0.606825 0.237086 0.758652 -0.606825 0.237086 0.3
0.375039 -0.843911 0.383614 0.375039 -0.843911 0.383614 0.3
0.516122 -0.783452 0.346153 0.516122 -0.783452 0.346153 0.3
0.453990 -0.757935 0.468430 0.453990 -0.757935 0.468430 0.3
0.783843 -0.081086 0.615642 0.783843 -0.081086 0.615642 0.3
0.792649 -0.213023 0.571252 0.792649 -0.213023 0.571252 0.3
0.864929 -0.131200 0.484442 0.864929 -0.131200 0.484442 0.3
0.601501 -0.371748 0.707107 0.601501 -0.371748 0.707107 0.3
0.702310 -0.296005 0.647412 0.702310 -0.296005 0.647412 0.3
0.606825 -0.237086 0.758652 0.606825 -0.237086 0.758652 0.3
0.843911 -0.383614 0.375039 0.843911 -0.383614 0.375039 0.3
0.783452 -0.346153 0.516122 0.783452 -0.346153 0.516122 0.3
0.757935 -0.468430 0.453990 0.757935 -0.468430 0.453990 0.3
0.081086 -0.615642 0.783843 0.081086 -0.615642 0.783843 0.3
0.213023 -0.571252 0.792649 0.213023 -0.571252 0.792649 0.3
0.131200 -0.484442 0.864929 0.131200 -0.484442 0.864929 0.3
0.371748 -0.707107 0.601501 0.371748 -0.707107 0.601501 0.3
0.296005 -0.647412 0.702310 0.296005 -0.647412 0.702310 0.3
0.237086 -0.758652 0.606825 0.237086 -0.758652 0.606825 0.3
0.383614 -0.375039 0.843911 0.383614 -0.375039 0.843911 0.3
0.346153 -0.516122 0.783452 0.346153 -0.516122 0.783452 0.3
0.468430 -0.453990 0.757935 0.468430 -0.453990 0.757935 0.3
0.646578 -0.564254 0.513375 0.646578 -0.564254 0.513375 0.3
0.564254 -0.513375 0.646578 0.564254 -0.513375 0.646578 0.3
0.513375 -0.646578 0.564254 0.513375 -0.646578 0.564254 0.3
0.358229 -0.924305 0.131655 0.358229 -0.924305 0.131655 0.3
0.403355 -0.915043 0.000000 0.403355 -0.915043 0.000000 0.3
0.238677 -0.891007 0.386187 0.238677 -0.891007 0.386187 0.3
0.301259 -0.916244 0.264083 0.301259 -0.916244 0.264083 0.3
0.137952 -0.990439 0.000000 0.137952 -0.990439 0.000000 0.3
0.220117 -0.966393 0.132792 0.220117 -0.966393 0.132792 0.3
0.082242 -0.987688 0.133071 0.082242 -0.987688 0.133071 0.3
-0.081086 -0.615642 0.783843 -0.081086 -0.615642 0.783843 0.3
0.000000 -0.702907 0.711282 0.000000 -0.702907 0.711282 0.3
-0.156434 -0.840178 0.519258 -0.156434 -0.840178 0.519258 0.3
-0.081142 -0.780204 0.620240 -0.081142 -0.780204 0.620240 0.3
-0.237086 -0.758652 0.606825 -0.237086 -0.758652 0.606825 0.3
0.081142 -0.780204 0.620240 0.081142 -0.780204 0.620240 0.3
0.156434 -0.840178 0.519258 0.156434 -0.840178 0.519258 0.3
-0.403355 -0.915043 0.000000 -0.403355 -0.915043 0.000000 0.3
-0.358229 -0.924305 0.131655 -0.358229 -0.924305 0.131655 0.3
-0.484442 -0.864929 0.131200 -0.484442 -0.864929 0.131200 0.3
-0.082242 -0.987688 0.133071 -0.082242 -0.987688 0.133071 0.3
-0.220117 -0.966393 0.132792 -0.220117 -0.966393 0.132792 0.3
-0.137952 -0.990439 0.000000 -0.137952 -0.990439 0.000000 0.3
-0.375039 -0.843911 0.383614 -0.375039 -0.843911 0.383614 0.3
-0.301259 -0.916244 0.264083 -0.301259 -0.916244 0.264083 0.3
-0.238677 -0.891007 0.386187 -0.238677 -0.891007 0.386187 0.3
0.082324 -0.912982 0.399607 0.082324 -0.912982 0.399607 0.3
-0.082324 -0.912982 0.399607 -0.082324 -0.912982 0.399607 0.3
0.000000 -0.963861 0.266405 0.000000 -0.963861 0.266405 0.3
0.358229 -0.924305 -0.131655 0.358229 -0.924305 -0.131655 1.0
0.484442 -0.864929 -0.131200 0.484442 -0.864929 -0.131200 1.0
0.082242 -0.987688 -0.133071 0.082242 -0.987688 -0.133071 1.0
0.220117 -0.966393 -0.132792 0.220117 -0.966393 -0.132792 1.0
0.375039 -0.843911 -0.383614 0.375039 -0.843911 -0.383614 1.0
0.301259 -0.916244 -0.264083 0.301259 -0.916244 -0.264083 1.0
0.238677 -0.891007 -0.386187 0.238677 -0.891007 -0.386187 1.0
-0.484442 -0.864929 -0.131200 -0.484442 -0.864929 -0.131200 1.0
-0.358229 -0.924305 -0.131655 -0.358229 -0.924305 -0.131655 1.0
-0.238677 -0.891007 -0.386187 -0.238677 -0.891007 -0.386187 1.0
-0.301259 -0.916244 -0.264083 -0.301259 -0.916244 -0.264083 1.0
-0.375039 -0.843911 -0.383614 -0.375039 -0.843911 -0.383614 1.0
-0.220117 -0.966393 -0.132792 -0.220117 -0.966393 -0.132792 1.0
-0.082242 -0.987688 -0.133071 -0.082242 -0.987688 -0.133071 1.0
0.081086 -0.615642 -0.783843 0.081086 -0.615642 -0.783843 1.0
0.000000 -0.702907 -0.711282 0.000000 -0.702907 -0.711282 1.0
-0.081086 -0.615642 -0.783843 -0.081086 -0.615642 -0.783843 1.0
0.156434 -0.840178 -0.519258 0.156434 -0.840178 -0.519258 1.0
0.081142 -0.780204 -0.620240 0.081142 -0.780204 -0.620240 1.0
0.237086 -0.758652 -0.606825 0.237086 -0.758652 -0.606825 1.0
-0.237086 -0.758652 -0.606825 -0.237086 -0.758652 -0.606825 1.0
-0.081142 -0.780204 -0.620240 -0.081142 -0.780204 -0.620240 1.0
-0.156434 -0.840178 -0.519258 -0.156434 -0.840178 -0.519258 1.0
0.000000 -0.963861 -0.266405 0.000000 -0.963861 -0.266405 1.0
-0.082324 -0.912982 -0.399607 -0.082324 -0.912982 -0.399607 1.0
0.082324 -0.912982 -0.399607 0.082324 -0.912982 -0.399607 1.0
0.571252 -0.792649 -0.213023 0.571252 -0.792649 -0.213023 1.0
0.615642 -0.783843 -0.081086 0.615642 -0.783843 -0.081086 1.0
0.453990 -0.757935 -0.468430 0.453990 -0.757935 -0.468430 1.0
0.516122 -0.783452 -0.346153 0.516122 -0.783452 -0.346153 1.0
0.758652 -0.606825 -0.237086 0.758652 -0.606825 -0.237086 1.0
0.647412 -0.702310 -0.296005 0.647412 -0.702310 -0.296005 1.0
0.707107 -0.601501 -0.371748 0.707107 -0.601501 -0.371748 1.0
0.131200 -0.484442 -0.864929 0.131200 -0.484442 -0.864929 1.0
0.213023 -0.571252 -0.792649 0.213023 -0.571252 -0.792649 1.0
0.468430 -0.453990 -0.757935 0.468430 -0.453990 -0.757935 1.0
0.346153 -0.516122 -0.783452 0.346153 -0.516122 -0.783452 1.0
0.383614 -0.375039 -0.843911 0.383614 -0.375039 -0.843911 1.0
0.296005 -0.647412 -0.702310 0.296005 -0.647412 -0.702310 1.0
0.371748 -0.707107 -0.601501 0.371748 -0.707107 -0.601501 1.0
0.864929 -0.131200 -0.484442 0.864929 -0.131200 -0.484442 1.0
0.792649 -0.213023 -0.571252 0.792649 -0.213023 -0.571252 1.0
0.783843 -0.081086 -0.615642 0.783843 -0.081086 -0.615642 1.0
0.757935 -0.468430 -0.453990 0.757935 -0.468430 -0.453990 1.0
0.783452 -0.346153 -0.516122 0.783452 -0.346153 -0.516122 1.0
0.843911 -0.383614 -0.375039 0.843911 -0.383614 -0.375039 1.0
0.606825 -0.237086 -0.758652 0.606825 -0.237086 -0.758652 1.0
0.702310 -0.296005 -0.647412 0.702310 -0.296005 -0.647412 1.0
0.601501 -0.371748 -0.707107 0.601501 -0.371748 -0.707107 1.0
0.513375 -0.646578 -0.564254 0.513375 -0.646578 -0.564254 1.0
0.564254 -0.513375 -0.646578 0.564254 -0.513375 -0.646578 1.0
0.646578 -0.564254 -0.513375 0.646578 -0.564254 -0.513375 1.0
0.702907 -0.711282 0.000000 0.702907 -0.711282 0.000000 0.3
0.840178 -0.519258 -0.156434 0.840178 -0.519258 -0.156434 1.0
0.780204 -0.620240 -0.081142 0.780204 -0.620240 -0.081142 1.0
0.780204 -0.620240 0.081142 0.780204 -0.620240 0.081142 0.3
0.840178 -0.519258 0.156434 0.840178 -0.519258 0.156434 0.3
0.915043 0.000000 -0.403355 0.915043 0.000000 -0.403355 1.0
0.924305 -0.131655 -0.358229 0.924305 -0.131655 -0.358229 1.0
0.987688 -0.133071 -0.082242 0.987688 -0.133071 -0.082242 1.0
0.966393 -0.132792 -0.220117 0.966393 -0.132792 -0.220117 1.0
0.990439 0.000000 -0.137952 0.990439 0.000000 -0.137952 1.0
0.916244 -0.264083 -0.301259 0.916244 -0.264083 -0.301259 1.0
0.891007 -0.386187 -0.238677 0.891007 -0.386187 -0.238677 1.0
0.924305 -0.131655 0.358229 0.924305 -0.131655 0.358229 0.3
0.915043 0.000000 0.403355 0.915043 0.000000 0.403355 0.3
0.891007 -0.386187 0.238677 0.891007 -0.386187 0.238677 0.3
0.916244 -0.264083 0.301259 0.916244 -0.264083 0.301259 0.3
0.990439 0.000000 0.137952 0.990439 0.000000 0.137952 0.3
0.966393 -0.132792 0.220117 0.966393 -0.132792 0.220117 0.3
0.987688 -0.133071 0.082242 0.987688 -0.133071 0.082242 0.3
0.912982 -0.399607 -0.082324 0.912982 -0.399607 -0.082324 1.0
0.963861 -0.266405 0.000000 0.963861 -0.266405 0.000000 0.3
0.912982 -0.399607 0.082324 0.912982 -0.399607 0.082324 0.3
0.131655 -0.358229 0.924305 0.131655 -0.358229 0.924305 0.3
0.386187 -0.238677 0.891007 0.386187 -0.238677 0.891007 0.3
0.264083 -0.301259 0.916244 0.264083 -0.301259 0.916244 0.3
0.132792 -0.220117 0.966393 0.132792 -0.220117 0.966393 0.3
0.133071 -0.082242 0.987688 0.133071 -0.082242 0.987688 0.3
0.711282 0.000000 0.702907 0.711282 0.000000 0.702907 0.3
0.519258 0.156434 0.840178 0.519258 0.156434 0.840178 0.3
0.620240 0.081142 0.780204 0.620240 0.081142 0.780204 0.3
0.620240 -0.081142 0.780204 0.620240 -0.081142 0.780204 0.3
0.519258 -0.156434 0.840178 0.519258 -0.156434 0.840178 0.3
0.131655 0.358229 0.924305 0.131655 0.358229 0.924305 0.3
0.133071 0.082242 0.987688 0.133071 0.082242 0.987688 0.3
0.132792 0.220117 0.966393 0.132792 0.220117 0.966393 0.3
0.264083 0.301259 0.916244 0.264083 0.301259 0.916244 0.3
0.386187 0.238677 0.891007 0.386187 0.238677 0.891007 0.3
0.399607 -0.082324 0.912982 0.399607 -0.082324 0.912982 0.3
0.399607 0.082324 0.912982 0.399607 0.082324 0.912982 0.3
0.266405 0.000000 0.963861 0.266405 0.000000 0.963861 0.3
-0.571252 -0.792649 0.213023 -0.571252 -0.792649 0.213023 0.3
-0.453990 -0.757935 0.468430 -0.453990 -0.757935 0.468430 0.3
-0.516122 -0.783452 0.346153 -0.516122 -0.783452 0.346153 0.3
-0.647412 -0.702310 0.296005 -0.647412 -0.702310 0.296005 0.3
-0.707107 -0.601501 0.371748 -0.707107 -0.601501 0.371748 0.3
-0.213023 -0.571252 0.792649 -0.213023 -0.571252 0.792649 0.3
-0.468430 -0.453990 0.757935 -0.468430 -0.453990 0.757935 0.3
-0.346153 -0.516122 0.783452 -0.346153 -0.516122 0.783452 0.3
-0.296005 -0.647412 0.702310 -0.296005 -0.647412 0.702310 0.3
-0.371748 -0.707107 0.601501 -0.371748 -0.707107 0.601501 0.3
-0.792649 -0.213023 0.571252 -0.792649 -0.213023 0.571252 0.3
-0.757935 -0.468430 0.453990 -0.757935 -0.468430 0.453990 0.3
-0.783452 -0.346153 0.516122 -0.783452 -0.346153 0.516122 0.3
-0.702310 -0.296005 0.647412 -0.702310 -0.296005 0.647412 0.3
-0.601501 -0.371748 0.707107 -0.601501 -0.371748 0.707107 0.3
-0.513375 -0.646578 0.564254 -0.513375 -0.646578 0.564254 0.3
-0.564254 -0.513375 0.646578 -0.564254 -0.513375 0.646578 0.3
-0.646578 -0.564254 0.513375 -0.646578 -0.564254 0.513375 0.3
-0.213023 -0.571252 -0.792649 -0.213023 -0.571252 -0.792649 1.0
-0.371748 -0.707107 -0.601501 -0.371748 -0.707107 -0.601501 1.0
-0.296005 -0.647412 -0.702310 -0.296005 -0.647412 -0.702310 1.0
-0.346153 -0.516122 -0.783452 -0.346153 -0.516122 -0.783452 1.0
-0.468430 -0.453990 -0.757935 -0.468430 -0.453990 -0.757935 1.0
-0.571252 -0.792649 -0.213023 -0.571252 -0.792649 -0.213023 1.0
-0.707107 -0.601501 -0.371748 -0.707107 -0.601501 -0.371748 1.0
-0.647412 -0.702310 -0.296005 -0.647412 -0.702310 -0.296005 1.0
-0.516122 -0.783452 -0.346153 -0.516122 -0.783452 -0.346153 1.0
-0.453990 -0.757935 -0.468430 -0.453990 -0.757935 -0.468430 1.0
-0.792649 -0.213023 -0.571252 -0.792649 -0.213023 -0.571252 1.0
-0.601501 -0.371748 -0.707107 -0.601501 -0.371748 -0.707107 1.0
-0.702310 -0.296005 -0.647412 -0.702310 -0.296005 -0.647412 1.0
-0.783452 -0.346153 -0.516122 -0.783452 -0.346153 -0.516122 1.0
-0.757935 -0.468430 -0.453990 -0.757935 -0.468430 -0.453990 1.0
-0.513375 -0.646578 -0.564254 -0.513375 -0.646578 -0.564254 1.0
-0.646578 -0.564254 -0.513375 -0.646578 -0.564254 -0.513375 1.0
-0.564254 -0.513375 -0.646578 -0.564254 -0.513375 -0.646578 1.0
0.711282 0.000000 -0.702907 0.711282 0.000000 -0.702907 1.0
0.519258 -0.156434 -0.840178 0.519258 -0.156434 -0.840178 1.0
0.620240 -0.081142 -0.780204 0.620240 -0.081142 -0.780204 1.0
0.620240 0.081142 -0.780204 0.620240 0.081142 -0.780204 1.0
0.519258 0.156434 -0.840178 0.519258 0.156434 -0.840178 1.0
0.131655 -0.358229 -0.924305 0.131655 -0.358229 -0.924305 1.0
0.133071 -0.082242 -0.987688 0.133071 -0.082242 -0.987688 1.0
0.132792 -0.220117 -0.966393 0.132792 -0.220117 -0.966393 1.0
0.264083 -0.301259 -0.916244 0.264083 -0.301259 -0.916244 1.0
0.386187 -0.238677 -0.891007 0.386187 -0.238677 -0.891007 1.0
0.131655 0.358229 -0.924305 0.131655 0.358229 -0.924305 1.0
0.386187 0.238677 -0.891007 0.386187 0.238677 -0.891007 1.0
0.264083 0.301259 -0.916244 0.264083 0.301259 -0.916244 1.0
0.132792 0.220117 -0.966393 0.132792 0.220117 -0.966393 1.0
0.133071 0.082242 -0.987688 0.133071 0.082242 -0.987688 1.0
0.399607 -0.082324 -0.912982 0.399607 -0.082324 -0.912982 1.0
0.266405 0.000000 -0.963861 0.266405 0.000000 -0.963861 1.0
0.399607 0.082324 -0.912982 0.399607 0.082324 -0.912982 1.0
0.924305 0.131655 0.358229 0.924305 0.131655 0.358229 0.3
0.987688 0.133071 0.082242 0.987688 0.133071 0.082242 0.3
0.966393 0.132792 0.220117 0.966393 0.132792 0.220117 0.3
0.916244 0.264083 0.301259 0.916244 0.264083 0.301259 0.3
0.891007 0.386187 0.238677 0.891007 0.386187 0.238677 0.3
0.924305 0.131655 -0.358229 0.924305 0.131655 -0.358229 1.0
0.891007 0.386187 -0.238677 0.891007 0.386187 -0.238677 1.0
0.916244 0.264083 -0.301259 0.916244 0.264083 -0.301259 1.0
0.966393 0.132792 -0.220117 0.966393 0.132792 -0.220117 1.0
0.987688 0.133071 -0.082242 0.987688 0.133071 -0.082242 1.0
0.702907 0.711282 0.000000 0.702907 0.711282 0.000000 0.3
0.840178 0.519258 0.156434 0.840178 0.519258 0.156434 0.3
0.780204 0.620240 0.081142 0.780204 0.620240 0.081142 0.3
0.780204 0.620240 -0.081142 0.780204 0.620240 -0.081142 1.0
0.840178 0.519258 -0.156434 0.840178 0.519258 -0.156434 1.0
0.963861 0.266405 0.000000 0.963861 0.266405 0.000000 0.3
0.912982 0.399607 -0.082324 0.912982 0.399607 -0.082324 1.0
0.912982 0.399607 0.082324 0.912982 0.399607 0.082324 0.3
