642
-0.525731 0.850651 0.000000 -0.525731 0.850651 0.000000 0.1
0.525731 0.850651 0.000000 0.525731 0.850651 0.000000 0.1
-0.525731 -0.850651 0.000000 -0.525731 -0.850651 0.000000 0.1
0.525731 -0.850651 0.000000 0.525731 -0.850651 0.000000 0.1
0.000000 -0.525731 0.850651 0.000000 -0.525731 0.850651 0.1
0.000000 0.525731 0.850651 0.000000 0.525731 0.850651 0.1
0.000000 -0.525731 -0.850651 0.000000 -0.525731 -0.850651 0.5
0.000000 0.525731 -0.850651 0.000000 0.525731 -0.850651 0.5
0.850651 0.000000 -0.525731 0.850651 0.000000 -0.525731 0.5
0.850651 0.000000 0.525731 0.850651 0.000000 0.525731 0.1
-0.850651 0.000000 -0.525731 -0.850651 0.000000 -0.525731 0.5
-0.850651 0.000000 0.525731 -0.850651 0.000000 0.525731 0.1
-0.809017 0.500000 0.309017 -0.809017 0.500000 0.309017 0.1
-0.500000 0.309017 0.809017 -0.500000 0.309017 0.809017 0.1
-0.309017 0.809017 0.500000 -0.309017 0.809017 0.500000 0.1
0.309017 0.809017 0.500000 0.309017 0.809017 0.500000 0.1
0.000000 1.000000 0.000000 0.000000 1.000000 0.000000 0.1
0.309017 0.809017 -0.500000 0.309017 0.809017 -0.500000 0.5
-0.309017 0.809017 -0.500000 -0.309017 0.809017 -0.500000 0.5
-0.500000 0.309017 -0.809017 -0.500000 0.309017 -0.809017 0.5
-0.809017 0.500000 -0.309017 -0.809017 0.500000 -0.309017 0.5
-1.000000 0.000000 0.000000 -1.000000 0.000000 0.000000 0.1
0.500000 0.309017 0.809017 0.500000 0.309017 0.809017 0.1
0.809017 0.500000 0.309017 0.809017 0.500000 0.309017 0.1
-0.500000 -0.309017 0.809017 -0.500000 -0.309017 0.809017 0.1
0.000000 0.000000 1.000000 0.000000 0.000000 1.000000 0.1
-0.809017 -0.500000 -0.309017 -0.809017 -0.500000 -0.309017 0.5
-0.809017 -0.500000 0.309017 -0.809017 -0.500000 0.309017 0.1
0.000000 0.000000 -1.000000 0.000000 0.000000 -1.000000 0.5
-0.500000 -0.309017 -0.809017 -0.500000 -0.309017 -0.809017 0.5
0.809017 0.500000 -0.309017 0.809017 0.500000 -0.309017 0.5
0.500000 0.309017 -0.809017 0.500000 0.309017 -0.809017 0.5
0.809017 -0.500000 0.309017 0.809017 -0.500000 0.309017 0.1
0.500000 -0.309017 0.809017 0.500000 -0.309017 0.809017 0.1
0.309017 -0.809017 0.500000 0.309017 -0.809017 0.500000 0.1
-0.309017 -0.809017 0.500000 -0.309017 -0.809017 0.500000 0.1
0.000000 -1.000000 0.000000 0.000000 -1.000000 0.000000 0.1
-0.309017 -0.809017 -0.500000 -0.309017 -0.809017 -0.500000 0.5
0.309017 -0.809017 -0.500000 0.309017 -0.809017 -0.500000 0.5
0.500000 -0.309017 -0.809017 0.500000 -0.309017 -0.809017 0.5
0.809017 -0.500000 -0.309017 0.809017 -0.500000 -0.309017 0.5
1.000000 0.000000 0.000000 1.000000 0.000000 0.000000 0.1
-0.693780 0.702046 0.160622 -0.693780 0.702046 0.160622 0.1
-0.587785 0.688191 0.425325 -0.587785 0.688191 0.425325 0.1
-0.433889 0.862668 0.259892 -0.433889 0.862668 0.259892 0.1
-0.702046 0.160622 0.693780 -0.702046 0.160622 0.693780 0.1
-0.688191 0.425325 0.587785 -0.688191 0.425325 0.587785 0.1
-0.862668 0.259892 0.433889 -0.862668 0.259892 0.433889 0.1
-0.160622 0.693780 0.702046 -0.160622 0.693780 0.702046 0.1
-0.425325 0.587785 0.688191 -0.425325 0.587785 0.688191 0.1
-0.259892 0.433889 0.862668 -0.259892 0.433889 0.862668 0.1
-0.162460 0.951057 0.262866 -0.162460 0.951057 0.262866 0.1
-0.273267 0.961938 0.000000 -0.273267 0.961938 0.000000 0.1
0.160622 0.693780 0.702046 0.160622 0.693780 0.702046 0.1
0.000000 0.850651 0.525731 0.000000 0.850651 0.525731 0.1
0.273267 0.961938 0.000000 0.273267 0.961938 0.000000 0.1
0.162460 0.951057 0.262866 0.162460 0.951057 0.262866 0.1
0.433889 0.862668 0.259892 0.433889 0.862668 0.259892 0.1
-0.162460 0.951057 -0.262866 -0.162460 0.951057 -0.262866 0.5
-0.433889 0.862668 -0.259892 -0.433889 0.862668 -0.259892 0.5
0.433889 0.862668 -0.259892 0.433889 0.862668 -0.259892 0.5
0.162460 0.951057 -0.262866 0.162460 0.951057 -0.262866 0.5
-0.160622 0.693780 -0.702046 -0.160622 0.693780 -0.702046 0.5
0.000000 0.850651 -0.525731 0.000000 0.850651 -0.525731 0.5
0.160622 0.693780 -0.702046 0.160622 0.693780 -0.702046 0.5
-0.587785 0.688191 -0.425325 -0.587785 0.688191 -0.425325 0.5
-0.693780 0.702046 -0.160622 -0.693780 0.702046 -0.160622 0.5
-0.259892 0.433889 -0.862668 -0.259892 0.433889 -0.862668 0.5
-0.425325 0.587785 -0.688191 -0.425325 0.587785 -0.688191 0.5
-0.862668 0.259892 -0.433889 -0.862668 0.259892 -0.433889 0.5
-0.688191 0.425325 -0.587785 -0.688191 0.425325 -0.587785 0.5
-0.702046 0.160622 -0.693780 -0.702046 0.160622 -0.693780 0.5
-0.850651 0.525731 0.000000 -0.850651 0.525731 0.000000 0.1
-0.961938 0.000000 -0.273267 -0.961938 0.000000 -0.273267 0.5
-0.951057 0.262866 -0.162460 -0.951057 0.262866 -0.162460 0.5
-0.951057 0.262866 0.162460 -0.951057 0.262866 0.162460 0.1
-0.961938 0.000000 0.273267 -0.961938 0.000000 0.273267 0.1
0.587785 0.688191 0.425325 0.587785 0.688191 0.425325 0.1
0.693780 0.702046 0.160622 0.693780 0.702046 0.160622 0.1
0.259892 0.433889 0.862668 0.259892 0.433889 0.862668 0.1
0.425325 0.587785 0.688191 0.425325 0.587785 0.688191 0.1
0.862668 0.259892 0.433889 0.862668 0.259892 0.433889 0.1
0.688191 0.425325 0.587785 0.688191 0.425325 0.587785 0.1
0.702046 0.160622 0.693780 0.702046 0.160622 0.693780 0.1
-0.262866 0.162460 0.951057 -0.262866 0.162460 0.951057 0.1
0.000000 0.273267 0.961938 0.000000 0.273267 0.961938 0.1
-0.702046 -0.160622 0.693780 -0.702046 -0.160622 0.693780 0.1
-0.525731 0.000000 0.850651 -0.525731 0.000000 0.850651 0.1
0.000000 -0.273267 0.961938 0.000000 -0.273267 0.961938 0.1
-0.262866 -0.162460 0.951057 -0.262866 -0.162460 0.951057 0.1
-0.259892 -0.433889 0.862668 -0.259892 -0.433889 0.862668 0.1
-0.951057 -0.262866 0.162460 -0.951057 -0.262866 0.162460 0.1
-0.862668 -0.259892 0.433889 -0.862668 -0.259892 0.433889 0.1
-0.862668 -0.259892 -0.433889 -0.862668 -0.259892 -0.433889 0.5
-0.951057 -0.262866 -0.162460 -0.951057 -0.262866 -0.162460 0.5
-0.693780 -0.702046 0.160622 -0.693780 -0.702046 0.160622 0.1
-0.850651 -0.525731 0.000000 -0.850651 -0.525731 0.000000 0.1
-0.693780 -0.702046 -0.160622 -0.693780 -0.702046 -0.160622 0.5
-0.525731 0.000000 -0.850651 -0.525731 0.000000 -0.850651 0.5
-0.702046 -0.160622 -0.693780 -0.702046 -0.160622 -0.693780 0.5
0.000000 0.273267 -0.961938 0.000000 0.273267 -0.961938 0.5
-0.262866 0.162460 -0.951057 -0.262866 0.162460 -0.951057 0.5
-0.259892 -0.433889 -0.862668 -0.259892 -0.433889 -0.862668 0.5
-0.262866 -0.162460 -0.951057 -0.262866 -0.162460 -0.951057 0.5
0.000000 -0.273267 -0.961938 0.000000 -0.273267 -0.961938 0.5
0.425325 0.587785 -0.688191 0.425325 0.587785 -0.688191 0.5
0.259892 0.433889 -0.862668 0.259892 0.433889 -0.862668 0.5
0.693780 0.702046 -0.160622 0.693780 0.702046 -0.160622 0.5
0.587785 0.688191 -0.425325 0.587785 0.688191 -0.425325 0.5
0.702046 0.160622 -0.693780 0.702046 0.160622 -0.693780 0.5
0.688191 0.425325 -0.587785 0.688191 0.425325 -0.587785 0.5
0.862668 0.259892 -0.433889 0.862668 0.259892 -0.433889 0.5
0.693780 -0.702046 0.160622 0.693780 -0.702046 0.160622 0.1
0.587785 -0.688191 0.425325 0.587785 -0.688191 0.425325 0.1
0.433889 -0.862668 0.259892 0.433889 -0.862668 0.259892 0.1
0.702046 -0.160622 0.693780 0.702046 -0.160622 0.693780 0.1
0.688191 -0.425325 0.587785 0.688191 -0.425325 0.587785 0.1
0.862668 -0.259892 0.433889 0.862668 -0.259892 0.433889 0.1
0.160622 -0.693780 0.702046 0.160622 -0.693780 0.702046 0.1
0.425325 -0.587785 0.688191 0.425325 -0.587785 0.688191 0.1
0.259892 -0.433889 0.862668 0.259892 -0.433889 0.862668 0.1
0.162460 -0.951057 0.262866 0.162460 -0.951057 0.262866 0.1
0.273267 -0.961938 0.000000 0.273267 -0.961938 0.000000 0.1
-0.160622 -0.693780 0.702046 -0.160622 -0.693780 0.702046 0.1
0.000000 -0.850651 0.525731 0.000000 -0.850651 0.525731 0.1
-0.273267 -0.961938 0.000000 -0.273267 -0.961938 0.000000 0.1
-0.162460 -0.951057 0.262866 -0.162460 -0.951057 0.262866 0.1
-0.433889 -0.862668 0.259892 -0.433889 -0.862668 0.259892 0.1
0.162460 -0.951057 -0.262866 0.162460 -0.951057 -0.262866 0.5
0.433889 -0.862668 -0.259892 0.433889 -0.862668 -0.259892 0.5
-0.433889 -0.862668 -0.259892 -0.433889 -0.862668 -0.259892 0.5
-0.162460 -0.951057 -0.262866 -0.162460 -0.951057 -0.262866 0.5
0.160622 -0.693780 -0.702046 0.160622 -0.693780 -0.702046 0.5
0.000000 -0.850651 -0.525731 0.000000 -0.850651 -0.525731 0.5
-0.160622 -0.693780 -0.702046 -0.160622 -0.693780 -0.702046 0.5
0.587785 -0.688191 -0.425325 0.587785 -0.688191 -0.425325 0.5
0.693780 -0.702046 -0.160622 0.693780 -0.702046 -0.160622 0.5
0.259892 -0.433889 -0.862668 0.259892 -0.433889 -0.862668 0.5
0.425325 -0.587785 -0.688191 0.425325 -0.587785 -0.688191 0.5
0.862668 -0.259892 -0.433889 0.862668 -0.259892 -0.433889 0.5
0.688191 -0.425325 -0.587785 0.688191 -0.425325 -0.587785 0.5
0.702046 -0.160622 -0.693780 0.702046 -0.160622 -0.693780 0.5
0.850651 -0.525731 0.000000 0.850651 -0.525731 0.000000 0.1
0.961938 0.000000 -0.273267 0.961938 0.000000 -0.273267 0.5
0.951057 -0.262866 -0.162460 0.951057 -0.262866 -0.162460 0.5
0.951057 -0.262866 0.162460 0.951057 -0.262866 0.162460 0.1
0.961938 0.000000 0.273267 0.961938 0.000000 0.273267 0.1
0.262866 -0.162460 0.951057 0.262866 -0.162460 0.951057 0.1
0.525731 0.000000 0.850651 0.525731 0.000000 0.850651 0.1
0.262866 0.162460 0.951057 0.262866 0.162460 0.951057 0.1
-0.587785 -0.688191 0.425325 -0.587785 -0.688191 0.425325 0.1
-0.425325 -0.587785 0.688191 -0.425325 -0.587785 0.688191 0.1
-0.688191 -0.425325 0.587785 -0.688191 -0.425325 0.587785 0.1
-0.425325 -0.587785 -0.688191 -0.425325 -0.587785 -0.688191 0.5
-0.587785 -0.688191 -0.425325 -0.587785 -0.688191 -0.425325 0.5
-0.688191 -0.425325 -0.587785 -0.688191 -0.425325 -0.587785 0.5
0.525731 0.000000 -0.850651 0.525731 0.000000 -0.850651 0.5
0.262866 -0.162460 -0.951057 0.262866 -0.162460 -0.951057 0.5
0.262866 0.162460 -0.951057 0.262866 0.162460 -0.951057 0.5
0.951057 0.262866 0.162460 0.951057 0.262866 0.162460 0.1
0.951057 0.262866 -0.162460 0.951057 0.262866 -0.162460 0.5
0.850651 0.525731 0.000000 0.850651 0.525731 0.000000 0.1
-0.615642 0.783843 0.081086 -0.615642 0.783843 0.081086 0.1
-0.571252 0.792649 0.213023 -0.571252 0.792649 0.213023 0.1
-0.484442 0.864929 0.131200 -0.484442 0.864929 0.131200 0.1
-0.707107 0.601501 0.371748 -0.707107 0.601501 0.371748 0.1
-0.647412 0.702310 0.296005 -0.647412 0.702310 0.296005 0.1
-0.758652 0.606825 0.237086 -0.758652 0.606825 0.237086 0.1
-0.375039 0.843911 0.383614 -0.375039 0.843911 0.383614 0.1
-0.516122 0.783452 0.346153 -0.516122 0.783452 0.346153 0.1
-0.453990 0.757935 0.468430 -0.453990 0.757935 0.468430 0.1
-0.783843 0.081086 0.615642 -0.783843 0.081086 0.615642 0.1
-0.792649 0.213023 0.571252 -0.792649 0.213023 0.571252 0.1
-0.864929 0.131200 0.484442 -0.864929 0.131200 0.484442 0.1
-0.601501 0.371748 0.707107 -0.601501 0.371748 0.707107 0.1
-0.702310 0.296005 0.647412 -0.702310 0.296005 0.647412 0.1
-0.606825 0.237086 0.758652 -0.606825 0.237086 0.758652 0.1
-0.843911 0.383614 0.375039 -0.843911 0.383614 0.375039 0.1
-0.783452 0.346153 0.516122 -0.783452 0.346153 0.516122 0.1
-0.757935 0.468430 0.453990 -0.757935 0.468430 0.453990 0.1
-0.081086 0.615642 0.783843 -0.081086 0.615642 0.783843 0.1
-0.213023 0.571252 0.792649 -0.213023 0.571252 0.792649 0.1
-0.131200 0.484442 0.864929 -0.131200 0.484442 0.864929 0.1
-0.371748 0.707107 0.601501 -0.371748 0.707107 0.601501 0.1
-0.296005 0.647412 0.702310 -0.296005 0.647412 0.702310 0.1
-0.237086 0.758652 0.606825 -0.237086 0.758652 0.606825 0.1
-0.383614 0.375039 0.843911 -0.383614 0.375039 0.843911 0.1
-0.346153 0.516122 0.783452 -0.346153 0.516122 0.783452 0.1
-0.468430 0.453990 0.757935 -0.468430 0.453990 0.757935 0.1
-0.646578 0.564254 0.513375 -0.646578 0.564254 0.513375 0.1
-0.564254 0.513375 0.646578 -0.564254 0.513375 0.646578 0.1
-0.513375 0.646578 0.564254 -0.513375 0.646578 0.564254 0.1
-0.358229 0.924305 0.131655 -0.358229 0.924305 0.131655 0.1
-0.403355 0.915043 0.000000 -0.403355 0.915043 0.000000 0.1
-0.238677 0.891007 0.386187 -0.238677 0.891007 0.386187 0.1
-0.301259 0.916244 0.264083 -0.301259 0.916244 0.264083 0.1
-0.137952 0.990439 0.000000 -0.137952 0.990439 0.000000 0.1
-0.220117 0.966393 0.132792 -0.220117 0.966393 0.132792 0.1
-0.082242 0.987688 0.133071 -0.082242 0.987688 0.133071 0.1
0.081086 0.615642 0.783843 0.081086 0.615642 0.783843 0.1
0.000000 0.702907 0.711282 0.000000 0.702907 0.711282 0.1
0.156434 0.840178 0.519258 0.156434 0.840178 0.519258 0.1
0.081142 0.780204 0.620240 0.081142 0.780204 0.620240 0.1
0.237086 0.758652 0.606825 0.237086 0.758652 0.606825 0.1
-0.081142 0.780204 0.620240 -0.081142 0.780204 0.620240 0.1
-0.156434 0.840178 0.519258 -0.156434 0.840178 0.519258 0.1
0.403355 0.915043 0.000000 0.403355 0.915043 0.000000 0.1
0.358229 0.924305 0.131655 0.358229 0.924305 0.131655 0.1
0.484442 0.864929 0.131200 0.484442 0.864929 0.131200 0.1
0.082242 0.987688 0.133071 0.082242 0.987688 0.133071 0.1
0.220117 0.966393 0.132792 0.220117 0.966393 0.132792 0.1
0.137952 0.990439 0.000000 0.137952 0.990439 0.000000 0.1
0.375039 0.843911 0.383614 0.375039 0.843911 0.383614 0.1
0.301259 0.916244 0.264083 0.301259 0.916244 0.264083 0.1
0.238677 0.891007 0.386187 0.238677 0.891007 0.386187 0.1
-0.082324 0.912982 0.399607 -0.082324 0.912982 0.399607 0.1
0.082324 0.912982 0.399607 0.082324 0.912982 0.399607 0.1
0.000000 0.963861 0.266405 0.000000 0.963861 0.266405 0.1
-0.358229 0.924305 -0.131655 -0.358229 0.924305 -0.131655 0.5
-0.484442 0.864929 -0.131200 -0.484442 0.864929 -0.131200 0.5
-0.082242 0.987688 -0.133071 -0.082242 0.987688 -0.133071 0.5
-0.220117 0.966393 -0.132792 -0.220117 0.966393 -0.132792 0.5
-0.375039 0.843911 -0.383614 -0.375039 0.843911 -0.383614 0.5
-0.301259 0.916244 -0.264083 -0.301259 0.916244 -0.264083 0.5
-0.238677 0.891007 -0.386187 -0.238677 0.891007 -0.386187 0.5
0.484442 0.864929 -0.131200 0.484442 0.864929 -0.131200 0.5
0.358229 0.924305 -0.131655 0.358229 0.924305 -0.131655 0.5
0.238677 0.891007 -0.386187 0.238677 0.891007 -0.386187 0.5
0.301259 0.916244 -0.264083 0.301259 0.916244 -0.264083 0.5
0.375039 0.843911 -0.383614 0.375039 0.843911 -0.383614 0.5
0.220117 0.966393 -0.132792 0.220117 0.966393 -0.132792 0.5
0.082242 0.987688 -0.133071 0.082242 0.987688 -0.133071 0.5
-0.081086 0.615642 -0.783843 -0.081086 0.615642 -0.783843 0.5
0.000000 0.702907 -0.711282 0.000000 0.702907 -0.711282 0.5
0.081086 0.615642 -0.783843 0.081086 0.615642 -0.783843 0.5
-0.156434 0.840178 -0.519258 -0.156434 0.840178 -0.519258 0.5
-0.081142 0.780204 -0.620240 -0.081142 0.780204 -0.620240 0.5
-0.237086 0.758652 -0.606825 -0.237086 0.758652 -0.606825 0.5
0.237086 0.758652 -0.606825 0.237086 0.758652 -0.606825 0.5
0.081142 0.780204 -0.620240 0.081142 0.780204 -0.620240 0.5
0.156434 0.840178 -0.519258 0.156434 0.840178 -0.519258 0.5
0.000000 0.963861 -0.266405 0.000000 0.963861 -0.266405 0.5
0.082324 0.912982 -0.399607 0.082324 0.912982 -0.399607 0.5
-0.082324 0.912982 -0.399607 -0.082324 0.912982 -0.399607 0.5
-0.571252 0.792649 -0.213023 -0.571252 0.792649 -0.213023 0.5
-0.615642 0.783843 -0.081086 -0.615642 0.783843 -0.081086 0.5
-0.453990 0.757935 -0.468430 -0.453990 0.757935 -0.468430 0.5
-0.516122 0.783452 -0.346153 -0.516122 0.783452 -0.346153 0.5
-0.758652 0.606825 -0.237086 -0.758652 0.606825 -0.237086 0.5
-0.647412 0.702310 -0.296005 -0.647412 0.702310 -0.296005 0.5
-0.707107 0.601501 -0.371748 -0.707107 0.601501 -0.371748 0.5
-0.131200 0.484442 -0.864929 -0.131200 0.484442 -0.864929 0.5
-0.213023 0.571252 -0.792649 -0.213023 0.571252 -0.792649 0.5
-0.468430 0.453990 -0.757935 -0.468430 0.453990 -0.757935 0.5
-0.346153 0.516122 -0.783452 -0.346153 0.516122 -0.783452 0.5
-0.383614 0.375039 -0.843911 -0.383614 0.375039 -0.843911 0.5
-0.296005 0.647412 -0.702310 -0.296005 0.647412 -0.702310 0.5
-0.371748 0.707107 -0.601501 -0.371748 0.707107 -0.601501 0.5
-0.864929 0.131200 -0.484442 -0.864929 0.131200 -0.484442 0.5
-0.792649 0.213023 -0.571252 -0.792649 0.213023 -0.571252 0.5
-0.783843 0.081086 -0.615642 -0.783843 0.081086 -0.615642 0.5
-0.757935 0.468430 -0.453990 -0.757935 0.468430 -0.453990 0.5
-0.783452 0.346153 -0.516122 -0.783452 0.346153 -0.516122 0.5
-0.843911 0.383614 -0.375039 -0.843911 0.383614 -0.375039 0.5
-0.606825 0.237086 -0.758652 -0.606825 0.237086 -0.758652 0.5
-0.702310 0.296005 -0.647412 -0.702310 0.296005 -0.647412 0.5
-0.601501 0.371748 -0.707107 -0.601501 0.371748 -0.707107 0.5
-0.513375 0.646578 -0.564254 -0.513375 0.646578 -0.564254 0.5
-0.564254 0.513375 -0.646578 -0.564254 0.513375 -0.646578 0.5
-0.646578 0.564254 -0.513375 -0.646578 0.564254 -0.513375 0.5
-0.702907 0.711282 0.000000 -0.702907 0.711282 0.000000 0.1
-0.840178 0.519258 -0.156434 -0.840178 0.519258 -0.156434 0.5
-0.780204 0.620240 -0.081142 -0.780204 0.620240 -0.081142 0.5
-0.780204 0.620240 0.081142 -0.780204 0.620240 0.081142 0.1
-0.840178 0.519258 0.156434 -0.840178 0.519258 0.156434 0.1
-0.915043 0.000000 -0.403355 -0.915043 0.000000 -0.403355 0.5
-0.924305 0.131655 -0.358229 -0.924305 0.131655 -0.358229 0.5
-0.987688 0.133071 -0.082242 -0.987688 0.133071 -0.082242 0.5
-0.966393 0.132792 -0.220117 -0.966393 0.132792 -0.220117 0.5
-0.990439 0.000000 -0.137952 -0.990439 0.000000 -0.137952 0.5
-0.916244 0.264083 -0.301259 -0.916244 0.264083 -0.301259 0.5
-0.891007 0.386187 -0.238677 -0.891007 0.386187 -0.238677 0.5
-0.924305 0.131655 0.358229 -0.924305 0.131655 0.358229 0.1
-0.915043 0.000000 0.403355 -0.915043 0.000000 0.403355 0.1
-0.891007 0.386187 0.238677 -0.891007 0.386187 0.238677 0.1
-0.916244 0.264083 0.301259 -0.916244 0.264083 0.301259 0.1
-0.990439 0.000000 0.137952 -0.990439 0.000000 0.137952 0.1
-0.966393 0.132792 0.220117 -0.966393 0.132792 0.220117 0.1
-0.987688 0.133071 0.082242 -0.987688 0.133071 0.082242 0.1
-0.912982 0.399607 -0.082324 -0.912982 0.399607 -0.082324 0.5
-0.963861 0.266405 0.000000 -0.963861 0.266405 0.000000 0.1
-0.912982 0.399607 0.082324 -0.912982 0.399607 0.082324 0.1
0.571252 0.792649 0.213023 0.571252 0.792649 0.213023 0.1
0.615642 0.783843 0.081086 0.615642 0.783843 0.081086 0.1
0.453990 0.757935 0.468430 0.453990 0.757935 0.468430 0.1
0.516122 0.783452 0.346153 0.516122 0.783452 0.346153 0.1
0.758652 0.606825 0.237086 0.758652 0.606825 0.237086 0.1
0.647412 0.702310 0.296005 0.647412 0.702310 0.296005 0.1
0.707107 0.601501 0.371748 0.707107 0.601501 0.371748 0.1
0.131200 0.484442 0.864929 0.131200 0.484442 0.864929 0.1
0.213023 0.571252 0.792649 0.213023 0.571252 0.792649 0.1
0.468430 0.453990 0.757935 0.468430 0.453990 0.757935 0.1
0.346153 0.516122 0.783452 0.346153 0.516122 0.783452 0.1
0.383614 0.375039 0.843911 0.383614 0.375039 0.843911 0.1
0.296005 0.647412 0.702310 0.296005 0.647412 0.702310 0.1
0.371748 0.707107 0.601501 0.371748 0.707107 0.601501 0.1
0.864929 0.131200 0.484442 0.864929 0.131200 0.484442 0.1
0.792649 0.213023 0.571252 0.792649 0.213023 0.571252 0.1
0.783843 0.081086 0.615642 0.783843 0.081086 0.615642 0.1
0.757935 0.468430 0.453990 0.757935 0.468430 0.453990 0.1
0.783452 0.346153 0.516122 0.783452 0.346153 0.516122 0.1
0.843911 0.383614 0.375039 0.843911 0.383614 0.375039 0.1
0.606825 0.237086 0.758652 0.606825 0.237086 0.758652 0.1
0.702310 0.296005 0.647412 0.702310 0.296005 0.647412 0.1
0.601501 0.371748 0.707107 0.601501 0.371748 0.707107 0.1
0.513375 0.646578 0.564254 0.513375 0.646578 0.564254 0.1
0.564254 0.513375 0.646578 0.564254 0.513375 0.646578 0.1
0.646578 0.564254 0.513375 0.646578 0.564254 0.513375 0.1
-0.131655 0.358229 0.924305 -0.131655 0.358229 0.924305 0.1
0.000000 0.403355 0.915043 0.000000 0.403355 0.915043 0.1
-0.386187 0.238677 0.891007 -0.386187 0.238677 0.891007 0.1
-0.264083 0.301259 0.916244 -0.264083 0.301259 0.916244 0.1
0.000000 0.137952 0.990439 0.000000 0.137952 0.990439 0.1
-0.132792 0.220117 0.966393 -0.132792 0.220117 0.966393 0.1
-0.133071 0.082242 0.987688 -0.133071 0.082242 0.987688 0.1
-0.783843 -0.081086 0.615642 -0.783843 -0.081086 0.615642 0.1
-0.711282 0.000000 0.702907 -0.711282 0.000000 0.702907 0.1
-0.519258 -0.156434 0.840178 -0.519258 -0.156434 0.840178 0.1
-0.620240 -0.081142 0.780204 -0.620240 -0.081142 0.780204 0.1
-0.606825 -0.237086 0.758652 -0.606825 -0.237086 0.758652 0.1
-0.620240 0.081142 0.780204 -0.620240 0.081142 0.780204 0.1
-0.519258 0.156434 0.840178 -0.519258 0.156434 0.840178 0.1
0.000000 -0.403355 0.915043 0.000000 -0.403355 0.915043 0.1
-0.131655 -0.358229 0.924305 -0.131655 -0.358229 0.924305 0.1
-0.131200 -0.484442 0.864929 -0.131200 -0.484442 0.864929 0.1
-0.133071 -0.082242 0.987688 -0.133071 -0.082242 0.987688 0.1
-0.132792 -0.220117 0.966393 -0.132792 -0.220117 0.966393 0.1
0.000000 -0.137952 0.990439 0.000000 -0.137952 0.990439 0.1
-0.383614 -0.375039 0.843911 -0.383614 -0.375039 0.843911 0.1
-0.264083 -0.301259 0.916244 -0.264083 -0.301259 0.916244 0.1
-0.386187 -0.238677 0.891007 -0.386187 -0.238677 0.891007 0.1
-0.399607 0.082324 0.912982 -0.399607 0.082324 0.912982 0.1
-0.399607 -0.082324 0.912982 -0.399607 -0.082324 0.912982 0.1
-0.266405 0.000000 0.963861 -0.266405 0.000000 0.963861 0.1
-0.924305 -0.131655 0.358229 -0.924305 -0.131655 0.358229 0.1
-0.864929 -0.131200 0.484442 -0.864929 -0.131200 0.484442 0.1
-0.987688 -0.133071 0.082242 -0.987688 -0.133071 0.082242 0.1
-0.966393 -0.132792 0.220117 -0.966393 -0.132792 0.220117 0.1
-0.843911 -0.383614 0.375039 -0.843911 -0.383614 0.375039 0.1
-0.916244 -0.264083 0.301259 -0.916244 -0.264083 0.301259 0.1
-0.891007 -0.386187 0.238677 -0.891007 -0.386187 0.238677 0.1
-0.864929 -0.131200 -0.484442 -0.864929 -0.131200 -0.484442 0.5
-0.924305 -0.131655 -0.358229 -0.924305 -0.131655 -0.358229 0.5
-0.891007 -0.386187 -0.238677 -0.891007 -0.386187 -0.238677 0.5
-0.916244 -0.264083 -0.301259 -0.916244 -0.264083 -0.301259 0.5
-0.843911 -0.383614 -0.375039 -0.843911 -0.383614 -0.375039 0.5
-0.966393 -0.132792 -0.220117 -0.966393 -0.132792 -0.220117 0.5
-0.987688 -0.133071 -0.082242 -0.987688 -0.133071 -0.082242 0.5
-0.615642 -0.783843 0.081086 -0.615642 -0.783843 0.081086 0.1
-0.702907 -0.711282 0.000000 -0.702907 -0.711282 0.000000 0.1
-0.615642 -0.783843 -0.081086 -0.615642 -0.783843 -0.081086 0.5
-0.840178 -0.519258 0.156434 -0.840178 -0.519258 0.156434 0.1
-0.780204 -0.620240 0.081142 -0.780204 -0.620240 0.081142 0.1
-0.758652 -0.606825 0.237086 -0.758652 -0.606825 0.237086 0.1
-0.758652 -0.606825 -0.237086 -0.758652 -0.606825 -0.237086 0.5
-0.780204 -0.620240 -0.081142 -0.780204 -0.620240 -0.081142 0.5
-0.840178 -0.519258 -0.156434 -0.840178 -0.519258 -0.156434 0.5
-0.963861 -0.266405 0.000000 -0.963861 -0.266405 0.000000 0.1
-0.912982 -0.399607 -0.082324 -0.912982 -0.399607 -0.082324 0.5
-0.912982 -0.399607 0.082324 -0.912982 -0.399607 0.082324 0.1
-0.711282 0.000000 -0.702907 -0.711282 0.000000 -0.702907 0.5
-0.783843 -0.081086 -0.615642 -0.783843 -0.081086 -0.615642 0.5
-0.519258 0.156434 -0.840178 -0.519258 0.156434 -0.840178 0.5
-0.620240 0.081142 -0.780204 -0.620240 0.081142 -0.780204 0.5
-0.606825 -0.237086 -0.758652 -0.606825 -0.237086 -0.758652 0.5
-0.620240 -0.081142 -0.780204 -0.620240 -0.081142 -0.780204 0.5
-0.519258 -0.156434 -0.840178 -0.519258 -0.156434 -0.840178 0.5
0.000000 0.403355 -0.915043 0.000000 0.403355 -0.915043 0.5
-0.131655 0.358229 -0.924305 -0.131655 0.358229 -0.924305 0.5
-0.133071 0.082242 -0.987688 -0.133071 0.082242 -0.987688 0.5
-0.132792 0.220117 -0.966393 -0.132792 0.220117 -0.966393 0.5
0.000000 0.137952 -0.990439 0.000000 0.137952 -0.990439 0.5
-0.264083 0.301259 -0.916244 -0.264083 0.301259 -0.916244 0.5
-0.386187 0.238677 -0.891007 -0.386187 0.238677 -0.891007 0.5
-0.131200 -0.484442 -0.864929 -0.131200 -0.484442 -0.864929 0.5
-0.131655 -0.358229 -0.924305 -0.131655 -0.358229 -0.924305 0.5
0.000000 -0.403355 -0.915043 0.000000 -0.403355 -0.915043 0.5
-0.386187 -0.238677 -0.891007 -0.386187 -0.238677 -0.891007 0.5
-0.264083 -0.301259 -0.916244 -0.264083 -0.301259 -0.916244 0.5
-0.383614 -0.375039 -0.843911 -0.383614 -0.375039 -0.843911 0.5
0.000000 -0.137952 -0.990439 0.000000 -0.137952 -0.990439 0.5
-0.132792 -0.220117 -0.966393 -0.132792 -0.220117 -0.966393 0.5
-0.133071 -0.082242 -0.987688 -0.133071 -0.082242 -0.987688 0.5
-0.399607 0.082324 -0.912982 -0.399607 0.082324 -0.912982 0.5
-0.266405 0.000000 -0.963861 -0.266405 0.000000 -0.963861 0.5
-0.399607 -0.082324 -0.912982 -0.399607 -0.082324 -0.912982 0.5
0.213023 0.571252 -0.792649 0.213023 0.571252 -0.792649 0.5
0.131200 0.484442 -0.864929 0.131200 0.484442 -0.864929 0.5
0.371748 0.707107 -0.601501 0.371748 0.707107 -0.601501 0.5
0.296005 0.647412 -0.702310 0.296005 0.647412 -0.702310 0.5
0.383614 0.375039 -0.843911 0.383614 0.375039 -0.843911 0.5
0.346153 0.516122 -0.783452 0.346153 0.516122 -0.783452 0.5
0.468430 0.453990 -0.757935 0.468430 0.453990 -0.757935 0.5
0.615642 0.783843 -0.081086 0.615642 0.783843 -0.081086 0.5
0.571252 0.792649 -0.213023 0.571252 0.792649 -0.213023 0.5
0.707107 0.601501 -0.371748 0.707107 0.601501 -0.371748 0.5
0.647412 0.702310 -0.296005 0.647412 0.702310 -0.296005 0.5
0.758652 0.606825 -0.237086 0.758652 0.606825 -0.237086 0.5
0.516122 0.783452 -0.346153 0.516122 0.783452 -0.346153 0.5
0.453990 0.757935 -0.468430 0.453990 0.757935 -0.468430 0.5
0.783843 0.081086 -0.615642 0.783843 0.081086 -0.615642 0.5
0.792649 0.213023 -0.571252 0.792649 0.213023 -0.571252 0.5
0.864929 0.131200 -0.484442 0.864929 0.131200 -0.484442 0.5
0.601501 0.371748 -0.707107 0.601501 0.371748 -0.707107 0.5
0.702310 0.296005 -0.647412 0.702310 0.296005 -0.647412 0.5
0.606825 0.237086 -0.758652 0.606825 0.237086 -0.758652 0.5
0.843911 0.383614 -0.375039 0.843911 0.383614 -0.375039 0.5
0.783452 0.346153 -0.516122 0.783452 0.346153 -0.516122 0.5
0.757935 0.468430 -0.453990 0.757935 0.468430 -0.453990 0.5
0.513375 0.646578 -0.564254 0.513375 0.646578 -0.564254 0.5
0.646578 0.564254 -0.513375 0.646578 0.564254 -0.513375 0.5
0.564254 0.513375 -0.646578 0.564254 0.513375 -0.646578 0.5
0.615642 -0.783843 0.081086 0.615642 -0.783843 0.081086 0.1
0.571252 -0.792649 0.213023 0.571252 -0.792649 0.213023 0.1
0.484442 -0.864929 0.131200 0.484442 -0.864929 0.131200 0.1
0.707107 -0.601501 0.371748 0.707107 -0.601501 0.371748 0.1
0.647412 -0.702310 0.296005 0.647412 -0.702310 0.296005 0.1
0.758652 -0.606825 0.237086 0.758652 -0.606825 0.237086 0.1
0.375039 -0.843911 0.383614 0.375039 -0.843911 0.383614 0.1
0.516122 -0.783452 0.346153 0.516122 -0.783452 0.346153 0.1
0.453990 -0.757935 0.468430 0.453990 -0.757935 0.468430 0.1
0.783843 -0.081086 0.615642 0.783843 -0.081086 0.615642 0.1
0.792649 -0.213023 0.571252 0.792649 -0.213023 0.571252 0.1
0.864929 -0.131200 0.484442 0.864929 -0.131200 0.484442 0.1
0.601501 -0.371748 0.707107 0.601501 -0.371748 0.707107 0.1
0.702310 -0.296005 0.647412 0.702310 -0.296005 0.647412 0.1
0.606825 -0.237086 0.758652 0.606825 -0.237086 0.758652 0.1
0.843911 -0.383614 0.375039 0.843911 -0.383614 0.375039 0.1
0.783452 -0.346153 0.516122 0.783452 -0.346153 0.516122 0.1
0.757935 -0.468430 0.453990 0.757935 -0.468430 0.453990 0.1
0.081086 -0.615642 0.783843 0.081086 -0.615642 0.783843 0.1
0.213023 -0.571252 0.792649 0.213023 -0.571252 0.792649 0.1
0.131200 -0.484442 0.864929 0.131200 -0.484442 0.864929 0.1
0.371748 -0.707107 0.601501 0.371748 -0.707107 0.601501 0.1
0.296005 -0.647412 0.702310 0.296005 -0.647412 0.702310 0.1
0.237086 -0.758652 0.606825 0.237086 -0.758652 0.606825 0.1
0.383614 -0.375039 0.843911 0.383614 -0.375039 0.843911 0.1
0.346153 -0.516122 0.783452 0.346153 -0.516122 0.783452 0.1
0.468430 -0.453990 0.757935 0.468430 -0.453990 0.757935 0.1
0.646578 -0.564254 0.513375 0.646578 -0.564254 0.513375 0.1
0.564254 -0.513375 0.646578 0.564254 -0.513375 0.646578 0.1
0.513375 -0.646578 0.564254 0.513375 -0.646578 0.564254 0.1
0.358229 -0.924305 0.131655 0.358229 -0.924305 0.131655 0.1
0.403355 -0.915043 0.000000 0.403355 -0.915043 0.000000 0.1
0.238677 -0.891007 0.386187 0.238677 -0.891007 0.386187 0.1
0.301259 -0.916244 0.264083 0.301259 -0.916244 0.264083 0.1
0.137952 -0.990439 0.000000 0.137952 -0.990439 0.000000 0.1
0.220117 -0.966393 0.132792 0.220117 -0.966393 0.132792 0.1
0.082242 -0.987688 0.133071 0.082242 -0.987688 0.133071 0.1
-0.081086 -0.615642 0.783843 -0.081086 -0.615642 0.783843 0.1
0.000000 -0.702907 0.711282 0.000000 -0.702907 0.711282 0.1
-0.156434 -0.840178 0.519258 -0.156434 -0.840178 0.519258 0.1
-0.081142 -0.780204 0.620240 -0.081142 -0.780204 0.620240 0.1
-0.237086 -0.758652 0.606825 -0.237086 -0.758652 0.606825 0.1
0.081142 -0.780204 0.620240 0.081142 -0.780204 0.620240 0.1
0.156434 -0.840178 0.519258 0.156434 -0.840178 0.519258 0.1
-0.403355 -0.915043 0.000000 -0.403355 -0.915043 0.000000 0.1
-0.358229 -0.924305 0.131655 -0.358229 -0.924305 0.131655 0.1
-0.484442 -0.864929 0.131200 -0.484442 -0.864929 0.131200 0.1
-0.082242 -0.987688 0.133071 -0.082242 -0.987688 0.133071 0.1
-0.220117 -0.966393 0.132792 -0.220117 -0.966393 0.132792 0.1
-0.137952 -0.990439 0.000000 -0.137952 -0.990439 0.000000 0.1
-0.375039 -0.843911 0.383614 -0.375039 -0.843911 0.383614 0.1
-0.301259 -0.916244 0.264083 -0.301259 -0.916244 0.264083 0.1
-0.238677 -0.891007 0.386187 -0.238677 -0.891007 0.386187 0.1
0.082324 -0.912982 0.399607 0.082324 -0.912982 0.399607 0.1
-0.082324 -0.912982 0.399607 -0.082324 -0.912982 0.399607 0.1
0.000000 -0.963861 0.266405 0.000000 -0.963861 0.266405 0.1
0.358229 -0.924305 -0.131655 0.358229 -0.924305 -0.131655 0.5
0.484442 -0.864929 -0.131200 0.484442 -0.864929 -0.131200 0.5
0.082242 -0.987688 -0.133071 0.082242 -0.987688 -0.133071 0.5
0.220117 -0.966393 -0.132792 0.220117 -0.966393 -0.132792 0.5
0.375039 -0.843911 -0.383614 0.375039 -0.843911 -0.383614 0.5
0.301259 -0.916244 -0.264083 0.301259 -0.916244 -0.264083 0.5
0.238677 -0.891007 -0.386187 0.238677 -0.891007 -0.386187 0.5
-0.484442 -0.864929 -0.131200 -0.484442 -0.864929 -0.131200 0.5
-0.358229 -0.924305 -0.131655 -0.358229 -0.924305 -0.131655 0.5
-0.238677 -0.891007 -0.386187 -0.238677 -0.891007 -0.386187 0.5
-0.301259 -0.916244 -0.264083 -0.301259 -0.916244 -0.264083 0.5
-0.375039 -0.843911 -0.383614 -0.375039 -0.843911 -0.383614 0.5
-0.220117 -0.966393 -0.132792 -0.220117 -0.966393 -0.132792 0.5
-0.082242 -0.987688 -0.133071 -0.082242 -0.987688 -0.133071 0.5
0.081086 -0.615642 -0.783843 0.081086 -0.615642 -0.783843 0.5
0.000000 -0.702907 -0.711282 0.000000 -0.702907 -0.711282 0.5
-0.081086 -0.615642 -0.783843 -0.081086 -0.615642 -0.783843 0.5
0.156434 -0.840178 -0.519258 0.156434 -0.840178 -0.519258 0.5
0.081142 -0.780204 -0.620240 0.081142 -0.780204 -0.620240 0.5
0.237086 -0.758652 -0.606825 0.237086 -0.758652 -0.606825 0.5
-0.237086 -0.758652 -0.606825 -0.237086 -0.758652 -0.606825 0.5
-0.081142 -0.780204 -0.620240 -0.081142 -0.780204 -0.620240 0.5
-0.156434 -0.840178 -0.519258 -0.156434 -0.840178 -0.519258 0.5
0.000000 -0.963861 -0.266405 0.000000 -0.963861 -0.266405 0.5
-0.082324 -0.912982 -0.399607 -0.082324 -0.912982 -0.399607 0.5
0.082324 -0.912982 -0.399607 0.082324 -0.912982 -0.399607 0.5
0.571252 -0.792649 -0.213023 0.571252 -0.792649 -0.213023 0.5
0.615642 -0.783843 -0.081086 0.615642 -0.783843 -0.081086 0.5
0.453990 -0.757935 -0.468430 0.453990 -0.757935 -0.468430 0.5
0.516122 -0.783452 -0.346153 0.516122 -0.783452 -0.346153 0.5
0.758652 -0.606825 -0.237086 0.758652 -0.606825 -0.237086 0.5
0.647412 -0.702310 -0.296005 0.647412 -0.702310 -0.296005 0.5
0.707107 -0.601501 -0.371748 0.707107 -0.601501 -0.371748 0.5
0.131200 -0.484442 -0.864929 0.131200 -0.484442 -0.864929 0.5
0.213023 -0.571252 -0.792649 0.213023 -0.571252 -0.792649 0.5
0.468430 -0.453990 -0.757935 0.468430 -0.453990 -0.757935 0.5
0.346153 -0.516122 -0.783452 0.346153 -0.516122 -0.783452 0.5
0.383614 -0.375039 -0.843911 0.383614 -0.375039 -0.843911 0.5
0.296005 -0.647412 -0.702310 0.296005 -0.647412 -0.702310 0.5
0.371748 -0.707107 -0.601501 0.371748 -0.707107 -0.601501 0.5
0.864929 -0.131200 -0.484442 0.864929 -0.131200 -0.484442 0.5
0.792649 -0.213023 -0.571252 0.792649 -0.213023 -0.571252 0.5
0.783843 -0.081086 -0.615642 0.783843 -0.081086 -0.615642 0.5
0.757935 -0.468430 -0.453990 0.757935 -0.468430 -0.453990 0.5
0.783452 -0.346153 -0.516122 0.783452 -0.346153 -0.516122 0.5
0.843911 -0.383614 -0.375039 0.843911 -0.383614 -0.375039 0.5
0.606825 -0.237086 -0.758652 0.606825 -0.237086 -0.758652 0.5
0.702310 -0.296005 -0.647412 0.702310 -0.296005 -0.647412 0.5
0.601501 -0.371748 -0.707107 0.601501 -0.371748 -0.707107 0.5
0.513375 -0.646578 -0.564254 0.513375 -0.646578 -0.564254 0.5
0.564254 -0.513375 -0.646578 0.564254 -0.513375 -0.646578 0.5
0.646578 -0.564254 -0.513375 0.646578 -0.564254 -0.513375 0.5
0.702907 -0.711282 0.000000 0.702907 -0.711282 0.000000 0.1
0.840178 -0.519258 -0.156434 0.840178 -0.519258 -0.156434 0.5
0.780204 -0.620240 -0.081142 0.780204 -0.620240 -0.081142 0.5
0.780204 -0.620240 0.081142 0.780204 -0.620240 0.081142 0.1
0.840178 -0.519258 0.156434 0.840178 -0.519258 0.156434 0.1
0.915043 0.000000 -0.403355 0.915043 0.000000 -0.403355 0.5
0.924305 -0.131655 -0.358229 0.924305 -0.131655 -0.358229 0.5
0.987688 -0.133071 -0.082242 0.987688 -0.133071 -0.082242 0.5
0.966393 -0.132792 -0.220117 0.966393 -0.132792 -0.220117 0.5
0.990439 0.000000 -0.137952 0.990439 0.000000 -0.137952 0.5
0.916244 -0.264083 -0.301259 0.916244 -0.264083 -0.301259 0.5
0.891007 -0.386187 -0.238677 0.891007 -0.386187 -0.238677 0.5
0.924305 -0.131655 0.358229 0.924305 -0.131655 0.358229 0.1
0.915043 0.000000 0.403355 0.915043 0.000000 0.403355 0.1
0.891007 -0.386187 0.238677 0.891007 -0.386187 0.238677 0.1
0.916244 -0.264083 0.301259 0.916244 -0.264083 0.301259 0.1
0.990439 0.000000 0.137952 0.990439 0.000000 0.137952 0.1
0.966393 -0.132792 0.220117 0.966393 -0.132792 0.220117 0.1
0.987688 -0.133071 0.082242 0.987688 -0.133071 0.082242 0.1
0.912982 -0.399607 -0.082324 0.912982 -0.399607 -0.082324 0.5
0.963861 -0.266405 0.000000 0.963861 -0.266405 0.000000 0.1
0.912982 -0.399607 0.082324 0.912982 -0.399607 0.082324 0.1
0.131655 -0.358229 0.924305 0.131655 -0.358229 0.924305 0.1
0.386187 -0.238677 0.891007 0.386187 -0.238677 0.891007 0.1
0.264083 -0.301259 0.916244 0.264083 -0.301259 0.916244 0.1
0.132792 -0.220117 0.966393 0.132792 -0.220117 0.966393 0.1
0.133071 -0.082242 0.987688 0.133071 -0.082242 0.987688 0.1
0.711282 0.000000 0.702907 0.711282 0.000000 0.702907 0.1
0.519258 0.156434 0.840178 0.519258 0.156434 0.840178 0.1
0.620240 0.081142 0.780204 0.620240 0.081142 0.780204 0.1
0.620240 -0.081142 0.780204 0.620240 -0.081142 0.780204 0.1
0.519258 -0.156434 0.840178 0.519258 -0.156434 0.840178 0.1
0.131655 0.358229 0.924305 0.131655 0.358229 0.924305 0.1
0.133071 0.082242 0.987688 0.133071 0.082242 0.987688 0.1
0.132792 0.220117 0.966393 0.132792 0.220117 0.966393 0.1
0.264083 0.301259 0.916244 0.264083 0.301259 0.916244 0.1
0.386187 0.238677 0.891007 0.386187 0.238677 0.891007 0.1
0.399607 -0.082324 0.912982 0.399607 -0.082324 0.912982 0.1
0.399607 0.082324 0.912982 0.399607 0.082324 0.912982 0.1
0.266405 0.000000 0.963861 0.266405 0.000000 0.963861 0.1
-0.571252 -0.792649 0.213023 -0.571252 -0.792649 0.213023 0.1
-0.453990 -0.757935 0.468430 -0.453990 -0.757935 0.468430 0.1
-0.516122 -0.783452 0.346153 -0.516122 -0.783452 0.346153 0.1
-0.647412 -0.702310 0.296005 -0.647412 -0.702310 0.296005 0.1
-0.707107 -0.601501 0.371748 -0.707107 -0.601501 0.371748 0.1
-0.213023 -0.571252 0.792649 -0.213023 -0.571252 0.792649 0.1
-0.468430 -0.453990 0.757935 -0.468430 -0.453990 0.757935 0.1
-0.346153 -0.516122 0.783452 -0.346153 -0.516122 0.783452 0.1
-0.296005 -0.647412 0.702310 -0.296005 -0.647412 0.702310 0.1
-0.371748 -0.707107 0.601501 -0.371748 -0.707107 0.601501 0.1
-0.792649 -0.213023 0.571252 -0.792649 -0.213023 0.571252 0.1
-0.757935 -0.468430 0.453990 -0.757935 -0.468430 0.453990 0.1
-0.783452 -0.346153 0.516122 -0.783452 -0.346153 0.516122 0.1
-0.702310 -0.296005 0.647412 -0.702310 -0.296005 0.647412 0.1
-0.601501 -0.371748 0.707107 -0.601501 -0.371748 0.707107 0.1
-0.513375 -0.646578 0.564254 -0.513375 -0.646578 0.564254 0.1
-0.564254 -0.513375 0.646578 -0.564254 -0.513375 0.646578 0.1
-0.646578 -0.564254 0.513375 -0.646578 -0.564254 0.513375 0.1
-0.213023 -0.571252 -0.792649 -0.213023 -0.571252 -0.792649 0.5
-0.371748 -0.707107 -0.601501 -0.371748 -0.707107 -0.601501 0.5
-0.296005 -0.647412 -0.702310 -0.296005 -0.647412 -0.702310 0.5
-0.346153 -0.516122 -0.783452 -0.346153 -0.516122 -0.783452 0.5
-0.468430 -0.453990 -0.757935 -0.468430 -0.453990 -0.757935 0.5
-0.571252 -0.792649 -0.213023 -0.571252 -0.792649 -0.213023 0.5
-0.707107 -0.601501 -0.371748 -0.707107 -0.601501 -0.371748 0.5
-0.647412 -0.702310 -0.296005 -0.647412 -0.702310 -0.296005 0.5
-0.516122 -0.783452 -0.346153 -0.516122 -0.783452 -0.346153 0.5
-0.453990 -0.757935 -0.468430 -0.453990 -0.757935 -0.468430 0.5
-0.792649 -0.213023 -0.571252 -0.792649 -0.213023 -0.571252 0.5
-0.601501 -0.371748 -0.707107 -0.601501 -0.371748 -0.707107 0.5
-0.702310 -0.296005 -0.647412 -0.702310 -0.296005 -0.647412 0.5
-0.783452 -0.346153 -0.516122 -0.783452 -0.346153 -0.516122 0.5
-0.757935 -0.468430 -0.453990 -0.757935 -0.468430 -0.453990 0.5
-0.513375 -0.646578 -0.564254 -0.513375 -0.646578 -0.564254 0.5
-0.646578 -0.564254 -0.513375 -0.646578 -0.564254 -0.513375 0.5
-0.564254 -0.513375 -0.646578 -0.564254 -0.513375 -0.646578 0.5
0.711282 0.000000 -0.702907 0.711282 0.000000 -0.702907 0.5
0.519258 -0.156434 -0.840178 0.519258 -0.156434 -0.840178 0.5
0.620240 -0.081142 -0.780204 0.620240 -0.081142 -0.780204 0.5
0.620240 0.081142 -0.780204 0.620240 0.081142 -0.780204 0.5
0.519258 0.156434 -0.840178 0.519258 0.156434 -0.840178 0.5
0.131655 -0.358229 -0.924305 0.131655 -0.358229 -0.924305 0.5
0.133071 -0.082242 -0.987688 0.133071 -0.082242 -0.987688 0.5
0.132792 -0.220117 -0.966393 0.132792 -0.220117 -0.966393 0.5
0.264083 -0.301259 -0.916244 0.264083 -0.301259 -0.916244 0.5
0.386187 -0.238677 -0.891007 0.386187 -0.238677 -0.891007 0.5
0.131655 0.358229 -0.924305 0.131655 0.358229 -0.924305 0.5
0.386187 0.238677 -0.891007 0.386187 0.238677 -0.891007 0.5
0.264083 0.301259 -0.916244 0.264083 0.301259 -0.916244 0.5
0.132792 0.220117 -0.966393 0.132792 0.220117 -0.966393 0.5
0.133071 0.082242 -0.987688 0.133071 0.082242 -0.987688 0.5
0.399607 -0.082324 -0.912982 0.399607 -0.082324 -0.912982 0.5
0.266405 0.000000 -0.963861 0.266405 0.000000 -0.963861 0.5
0.399607 0.082324 -0.912982 0.399607 0.082324 -0.912982 0.5
0.924305 0.131655 0.358229 0.924305 0.131655 0.358229 0.1
0.987688 0.133071 0.082242 0.987688 0.133071 0.082242 0.1
0.966393 0.132792 0.220117 0.966393 0.132792 0.220117 0.1
0.916244 0.264083 0.301259 0.916244 0.264083 0.301259 0.1
0.891007 0.386187 0.238677 0.891007 0.386187 0.238677 0.1
0.924305 0.131655 -0.358229 0.924305 0.131655 -0.358229 0.5
0.891007 0.386187 -0.238677 0.891007 0.386187 -0.238677 0.5
0.916244 0.264083 -0.301259 0.916244 0.264083 -0.301259 0.5
0.966393 0.132792 -0.220117 0.966393 0.132792 -0.220117 0.5
0.987688 0.133071 -0.082242 0.987688 0.133071 -0.082242 0.5
0.702907 0.711282 0.000000 0.702907 0.711282 0.000000 0.1
0.840178 0.519258 0.156434 0.840178 0.519258 0.156434 0.1
0.780204 0.620240 0.081142 0.780204 0.620240 0.081142 0.1
0.780204 0.620240 -0.081142 0.780204 0.620240 -0.081142 0.5
0.840178 0.519258 -0.156434 0.840178 0.519258 -0.156434 0.5
0.963861 0.266405 0.000000 0.963861 0.266405 0.000000 0.1
0.912982 0.399607 -0.082324 0.912982 0.399607 -0.082324 0.5
0.912982 0.399607 0.082324 0.912982 0.399607 0.082324 0.1
