642
-0.525731 -0.000000 -0.850651 -0.525731 0.850651 0.000000 10.0
0.525731 -0.000000 -0.850651 0.525731 0.850651 0.000000 10.0
-0.525731 0.000000 0.850651 -0.525731 -0.850651 0.000000 10.0
0.525731 0.000000 0.850651 0.525731 -0.850651 0.000000 10.0
0.000000 0.850651 0.525731 0.000000 -0.525731 0.850651 10.0
0.000000 0.850651 -0.525731 0.000000 0.525731 0.850651 10.0
0.000000 -0.850651 0.525731 0.000000 -0.525731 -0.850651 0.1
0.000000 -0.850651 -0.525731 0.000000 0.525731 -0.850651 0.1
0.850651 -0.525731 0.000000 0.850651 0.000000 -0.525731 0.1
0.850651 0.525731 -0.000000 0.850651 0.000000 0.525731 10.0
-0.850651 -0.525731 0.000000 -0.850651 0.000000 -0.525731 0.1
-0.850651 0.525731 -0.000000 -0.850651 0.000000 0.525731 10.0
-0.809017 0.309017 -0.500000 -0.809017 0.500000 0.309017 10.0
-0.500000 0.809017 -0.309017 -0.500000 0.309017 0.809017 10.0
-0.309017 0.500000 -0.809017 -0.309017 0.809017 0.500000 10.0
0.309017 0.500000 -0.809017 0.309017 0.809017 0.500000 10.0
0.000000 -0.000000 -1.000000 0.000000 1.000000 0.000000 10.0
0.309017 -0.500000 -0.809017 0.309017 0.809017 -0.500000 0.1
-0.309017 -0.500000 -0.809017 -0.309017 0.809017 -0.500000 0.1
-0.500000 -0.809017 -0.309017 -0.500000 0.309017 -0.809017 0.1
-0.809017 -0.309017 -0.500000 -0.809017 0.500000 -0.309017 0.1
-1.000000 0.000000 0.000000 -1.000000 0.000000 0.000000 10.0
0.500000 0.809017 -0.309017 0.500000 0.309017 0.809017 10.0
0.809017 0.309017 -0.500000 0.809017 0.500000 0.309017 10.0
-0.500000 0.809017 0.309017 -0.500000 -0.309017 0.809017 10.0
0.000000 1.000000 -0.000000 0.000000 0.000000 1.000000 10.0
-0.809017 -0.309017 0.500000 -0.809017 -0.500000 -0.309017 0.1
-0.809017 0.309017 0.500000 -0.809017 -0.500000 0.309017 10.0
0.000000 -1.000000 0.000000 0.000000 0.000000 -1.000000 0.1
-0.500000 -0.809017 0.309017 -0.500000 -0.309017 -0.809017 0.1
0.809017 -0.309017 -0.500000 0.809017 0.500000 -0.309017 0.1
0.500000 -0.809017 -0.309017 0.500000 0.309017 -0.809017 0.1
0.809017 0.309017 0.500000 0.809017 -0.500000 0.309017 10.0
0.500000 0.809017 0.309017 0.500000 -0.309017 0.809017 10.0
0.309017 0.500000 0.809017 0.309017 -0.809017 0.500000 10.0
-0.309017 0.500000 0.809017 -0.309017 -0.809017 0.500000 10.0
0.000000 0.000000 1.000000 0.000000 -1.000000 0.000000 10.0
-0.309017 -0.500000 0.809017 -0.309017 -0.809017 -0.500000 0.1
0.309017 -0.500000 0.809017 0.309017 -0.809017 -0.500000 0.1
0.500000 -0.809017 0.309017 0.500000 -0.309017 -0.809017 0.1
0.809017 -0.309017 0.500000 0.809017 -0.500000 -0.309017 0.1
1.000000 0.000000 0.000000 1.000000 0.000000 0.000000 10.0
-0.693780 0.160622 -0.702046 -0.693780 0.702046 0.160622 10.0
-0.587785 0.425325 -0.688191 -0.587785 0.688191 0.425325 10.0
-0.433889 0.259892 -0.862668 -0.433889 0.862668 0.259892 10.0
-0.702046 0.693780 -0.160622 -0.702046 0.160622 0.693780 10.0
-0.688191 0.587785 -0.425325 -0.688191 0.425325 0.587785 10.0
-0.862668 0.433889 -0.259892 -0.862668 0.259892 0.433889 10.0
-0.160622 0.702046 -0.693780 -0.160622 0.693780 0.702046 10.0
-0.425325 0.688191 -0.587785 -0.425325 0.587785 0.688191 10.0
-0.259892 0.862668 -0.433889 -0.259892 0.433889 0.862668 10.0
-0.162460 0.262866 -0.951057 -0.162460 0.951057 0.262866 10.0
-0.273267 -0.000000 -0.961938 -0.273267 0.961938 0.000000 10.0
0.160622 0.702046 -0.693780 0.160622 0.693780 0.702046 10.0
0.000000 0.525731 -0.850651 0.000000 0.850651 0.525731 10.0
0.273267 -0.000000 -0.961938 0.273267 0.961938 0.000000 10.0
0.162460 0.262866 -0.951057 0.162460 0.951057 0.262866 10.0
0.433889 0.259892 -0.862668 0.433889 0.862668 0.259892 10.0
-0.162460 -0.262866 -0.951057 -0.162460 0.951057 -0.262866 0.1
-0.433889 -0.259892 -0.862668 -0.433889 0.862668 -0.259892 0.1
0.433889 -0.259892 -0.862668 0.433889 0.862668 -0.259892 0.1
0.162460 -0.262866 -0.951057 0.162460 0.951057 -0.262866 0.1
-0.160622 -0.702046 -0.693780 -0.160622 0.693780 -0.702046 0.1
0.000000 -0.525731 -0.850651 0.000000 0.850651 -0.525731 0.1
0.160622 -0.702046 -0.693780 0.160622 0.693780 -0.702046 0.1
-0.587785 -0.425325 -0.688191 -0.587785 0.688191 -0.425325 0.1
-0.693780 -0.160622 -0.702046 -0.693780 0.702046 -0.160622 0.1
-0.259892 -0.862668 -0.433889 -0.259892 0.433889 -0.862668 0.1
-0.425325 -0.688191 -0.587785 -0.425325 0.587785 -0.688191 0.1
-0.862668 -0.433889 -0.259892 -0.862668 0.259892 -0.433889 0.1
-0.688191 -0.587785 -0.425325 -0.688191 0.425325 -0.587785 0.1
-0.702046 -0.693780 -0.160622 -0.702046 0.160622 -0.693780 0.1
-0.850651 -0.000000 -0.525731 -0.850651 0.525731 0.000000 10.0
-0.961938 -0.273267 0.000000 -0.961938 0.000000 -0.273267 0.1
-0.951057 -0.162460 -0.262866 -0.951057 0.262866 -0.162460 0.1
-0.951057 0.162460 -0.262866 -0.951057 0.262866 0.162460 10.0
-0.961938 0.273267 -0.000000 -0.961938 0.000000 0.273267 10.0
0.587785 0.425325 -0.688191 0.587785 0.688191 0.425325 10.0
0.693780 0.160622 -0.702046 0.693780 0.702046 0.160622 10.0
0.259892 0.862668 -0.433889 0.259892 0.433889 0.862668 10.0
0.425325 0.688191 -0.587785 0.425325 0.587785 0.688191 10.0
0.862668 0.433889 -0.259892 0.862668 0.259892 0.433889 10.0
0.688191 0.587785 -0.425325 0.688191 0.425325 0.587785 10.0
0.702046 0.693780 -0.160622 0.702046 0.160622 0.693780 10.0
-0.262866 0.951057 -0.162460 -0.262866 0.162460 0.951057 10.0
0.000000 0.961938 -0.273267 0.000000 0.273267 0.961938 10.0
-0.702046 0.693780 0.160622 -0.702046 -0.160622 0.693780 10.0
-0.525731 0.850651 -0.000000 -0.525731 0.000000 0.850651 10.0
0.000000 0.961938 0.273267 0.000000 -0.273267 0.961938 10.0
-0.262866 0.951057 0.162460 -0.262866 -0.162460 0.951057 10.0
-0.259892 0.862668 0.433889 -0.259892 -0.433889 0.862668 10.0
-0.951057 0.162460 0.262866 -0.951057 -0.262866 0.162460 10.0
-0.862668 0.433889 0.259892 -0.862668 -0.259892 0.433889 10.0
-0.862668 -0.433889 0.259892 -0.862668 -0.259892 -0.433889 0.1
-0.951057 -0.162460 0.262866 -0.951057 -0.262866 -0.162460 0.1
-0.693780 0.160622 0.702046 -0.693780 -0.702046 0.160622 10.0
-0.850651 0.000000 0.525731 -0.850651 -0.525731 0.000000 10.0
-0.693780 -0.160622 0.702046 -0.693780 -0.702046 -0.160622 0.1
-0.525731 -0.850651 0.000000 -0.525731 0.000000 -0.850651 0.1
-0.702046 -0.693780 0.160622 -0.702046 -0.160622 -0.693780 0.1
0.000000 -0.961938 -0.273267 0.000000 0.273267 -0.961938 0.1
-0.262866 -0.951057 -0.162460 -0.262866 0.162460 -0.951057 0.1
-0.259892 -0.862668 0.433889 -0.259892 -0.433889 -0.862668 0.1
-0.262866 -0.951057 0.162460 -0.262866 -0.162460 -0.951057 0.1
0.000000 -0.961938 0.273267 0.000000 -0.273267 -0.961938 0.1
0.425325 -0.688191 -0.587785 0.425325 0.587785 -0.688191 0.1
0.259892 -0.862668 -0.433889 0.259892 0.433889 -0.862668 0.1
0.693780 -0.160622 -0.702046 0.693780 0.702046 -0.160622 0.1
0.587785 -0.425325 -0.688191 0.587785 0.688191 -0.425325 0.1
0.702046 -0.693780 -0.160622 0.702046 0.160622 -0.693780 0.1
0.688191 -0.587785 -0.425325 0.688191 0.425325 -0.587785 0.1
0.862668 -0.433889 -0.259892 0.862668 0.259892 -0.433889 0.1
0.693780 0.160622 0.702046 0.693780 -0.702046 0.160622 10.0
0.587785 0.425325 0.688191 0.587785 -0.688191 0.425325 10.0
0.433889 0.259892 0.862668 0.433889 -0.862668 0.259892 10.0
0.702046 0.693780 0.160622 0.702046 -0.160622 0.693780 10.0
0.688191 0.587785 0.425325 0.688191 -0.425325 0.587785 10.0
0.862668 0.433889 0.259892 0.862668 -0.259892 0.433889 10.0
0.160622 0.702046 0.693780 0.160622 -0.693780 0.702046 10.0
0.425325 0.688191 0.587785 0.425325 -0.587785 0.688191 10.0
0.259892 0.862668 0.433889 0.259892 -0.433889 0.862668 10.0
0.162460 0.262866 0.951057 0.162460 -0.951057 0.262866 10.0
0.273267 0.000000 0.961938 0.273267 -0.961938 0.000000 10.0
-0.160622 0.702046 0.693780 -0.160622 -0.693780 0.702046 10.0
0.000000 0.525731 0.850651 0.000000 -0.850651 0.525731 10.0
-0.273267 0.000000 0.961938 -0.273267 -0.961938 0.000000 10.0
-0.162460 0.262866 0.951057 -0.162460 -0.951057 0.262866 10.0
-0.433889 0.259892 0.862668 -0.433889 -0.862668 0.259892 10.0
0.162460 -0.262866 0.951057 0.162460 -0.951057 -0.262866 0.1
0.433889 -0.259892 0.862668 0.433889 -0.862668 -0.259892 0.1
-0.433889 -0.259892 0.862668 -0.433889 -0.862668 -0.259892 0.1
-0.162460 -0.262866 0.951057 -0.162460 -0.951057 -0.262866 0.1
0.160622 -0.702046 0.693780 0.160622 -0.693780 -0.702046 0.1
0.000000 -0.525731 0.850651 0.000000 -0.850651 -0.525731 0.1
-0.160622 -0.702046 0.693780 -0.160622 -0.693780 -0.702046 0.1
0.587785 -0.425325 0.688191 0.587785 -0.688191 -0.425325 0.1
0.693780 -0.160622 0.702046 0.693780 -0.702046 -0.160622 0.1
0.259892 -0.862668 0.433889 0.259892 -0.433889 -0.862668 0.1
0.425325 -0.688191 0.587785 0.425325 -0.587785 -0.688191 0.1
0.862668 -0.433889 0.259892 0.862668 -0.259892 -0.433889 0.1
0.688191 -0.587785 0.425325 0.688191 -0.425325 -0.587785 0.1
0.702046 -0.693780 0.160622 0.702046 -0.160622 -0.693780 0.1
0.850651 0.000000 0.525731 0.850651 -0.525731 0.000000 10.0
0.961938 -0.273267 0.000000 0.961938 0.000000 -0.273267 0.1
0.951057 -0.162460 0.262866 0.951057 -0.262866 -0.162460 0.1
0.951057 0.162460 0.262866 0.951057 -0.262866 0.162460 10.0
0.961938 0.273267 -0.000000 0.961938 0.000000 0.273267 10.0
0.262866 0.951057 0.162460 0.262866 -0.162460 0.951057 10.0
0.525731 0.850651 -0.000000 0.525731 0.000000 0.850651 10.0
0.262866 0.951057 -0.162460 0.262866 0.162460 0.951057 10.0
-0.587785 0.425325 0.688191 -0.587785 -0.688191 0.425325 10.0
-0.425325 0.688191 0.587785 -0.425325 -0.587785 0.688191 10.0
-0.688191 0.587785 0.425325 -0.688191 -0.425325 0.587785 10.0
-0.425325 -0.688191 0.587785 -0.425325 -0.587785 -0.688191 0.1
-0.587785 -0.425325 0.688191 -0.587785 -0.688191 -0.425325 0.1
-0.688191 -0.587785 0.425325 -0.688191 -0.425325 -0.587785 0.1
0.525731 -0.850651 0.000000 0.525731 0.000000 -0.850651 0.1
0.262866 -0.951057 0.162460 0.262866 -0.162460 -0.951057 0.1
0.262866 -0.951057 -0.162460 0.262866 0.162460 -0.951057 0.1
0.951057 0.162460 -0.262866 0.951057 0.262866 0.162460 10.0
0.951057 -0.162460 -0.262866 0.951057 0.262866 -0.162460 0.1
0.850651 -0.000000 -0.525731 0.850651 0.525731 0.000000 10.0
-0.615642 0.081086 -0.783843 -0.615642 0.783843 0.081086 10.0
-0.571252 0.213023 -0.792649 -0.571252 0.792649 0.213023 10.0
-0.484442 0.131200 -0.864929 -0.484442 0.864929 0.131200 10.0
-0.707107 0.371748 -0.601501 -0.707107 0.601501 0.371748 10.0
-0.647412 0.296005 -0.702310 -0.647412 0.702310 0.296005 10.0
-0.758652 0.237086 -0.606825 -0.758652 0.606825 0.237086 10.0
-0.375039 0.383614 -0.843911 -0.375039 0.843911 0.383614 10.0
-0.516122 0.346153 -0.783452 -0.516122 0.783452 0.346153 10.0
-0.453990 0.468430 -0.757935 -0.453990 0.757935 0.468430 10.0
-0.783843 0.615642 -0.081086 -0.783843 0.081086 0.615642 10.0
-0.792649 0.571252 -0.213023 -0.792649 0.213023 0.571252 10.0
-0.864929 0.484442 -0.131200 -0.864929 0.131200 0.484442 10.0
-0.601501 0.707107 -0.371748 -0.601501 0.371748 0.707107 10.0
-0.702310 0.647412 -0.296005 -0.702310 0.296005 0.647412 10.0
-0.606825 0.758652 -0.237086 -0.606825 0.237086 0.758652 10.0
-0.843911 0.375039 -0.383614 -0.843911 0.383614 0.375039 10.0
-0.783452 0.516122 -0.346153 -0.783452 0.346153 0.516122 10.0
-0.757935 0.453990 -0.468430 -0.757935 0.468430 0.453990 10.0
-0.081086 0.783843 -0.615642 -0.081086 0.615642 0.783843 10.0
-0.213023 0.792649 -0.571252 -0.213023 0.571252 0.792649 10.0
-0.131200 0.864929 -0.484442 -0.131200 0.484442 0.864929 10.0
-0.371748 0.601501 -0.707107 -0.371748 0.707107 0.601501 10.0
-0.296005 0.702310 -0.647412 -0.296005 0.647412 0.702310 10.0
-0.237086 0.606825 -0.758652 -0.237086 0.758652 0.606825 10.0
-0.383614 0.843911 -0.375039 -0.383614 0.375039 0.843911 10.0
-0.346153 0.783452 -0.516122 -0.346153 0.516122 0.783452 10.0
-0.468430 0.757935 -0.453990 -0.468430 0.453990 0.757935 10.0
-0.646578 0.513375 -0.564254 -0.646578 0.564254 0.513375 10.0
-0.564254 0.646578 -0.513375 -0.564254 0.513375 0.646578 10.0
-0.513375 0.564254 -0.646578 -0.513375 0.646578 0.564254 10.0
-0.358229 0.131655 -0.924305 -0.358229 0.924305 0.131655 10.0
-0.403355 -0.000000 -0.915043 -0.403355 0.915043 0.000000 10.0
-0.238677 0.386187 -0.891007 -0.238677 0.891007 0.386187 10.0
-0.301259 0.264083 -0.916244 -0.301259 0.916244 0.264083 10.0
-0.137952 -0.000000 -0.990439 -0.137952 0.990439 0.000000 10.0
-0.220117 0.132792 -0.966393 -0.220117 0.966393 0.132792 10.0
-0.082242 0.133071 -0.987688 -0.082242 0.987688 0.133071 10.0
0.081086 0.783843 -0.615642 0.081086 0.615642 0.783843 10.0
0.000000 0.711282 -0.702907 0.000000 0.702907 0.711282 10.0
0.156434 0.519258 -0.840178 0.156434 0.840178 0.519258 10.0
0.081142 0.620240 -0.780204 0.081142 0.780204 0.620240 10.0
0.237086 0.606825 -0.758652 0.237086 0.758652 0.606825 10.0
-0.081142 0.620240 -0.780204 -0.081142 0.780204 0.620240 10.0
-0.156434 0.519258 -0.840178 -0.156434 0.840178 0.519258 10.0
0.403355 -0.000000 -0.915043 0.403355 0.915043 0.000000 10.0
0.358229 0.131655 -0.924305 0.358229 0.924305 0.131655 10.0
0.484442 0.131200 -0.864929 0.484442 0.864929 0.131200 10.0
0.082242 0.133071 -0.987688 0.082242 0.987688 0.133071 10.0
0.220117 0.132792 -0.966393 0.220117 0.966393 0.132792 10.0
0.137952 -0.000000 -0.990439 0.137952 0.990439 0.000000 10.0
0.375039 0.383614 -0.843911 0.375039 0.843911 0.383614 10.0
0.301259 0.264083 -0.916244 0.301259 0.916244 0.264083 10.0
0.238677 0.386187 -0.891007 0.238677 0.891007 0.386187 10.0
-0.082324 0.399607 -0.912982 -0.082324 0.912982 0.399607 10.0
0.082324 0.399607 -0.912982 0.082324 0.912982 0.399607 10.0
0.000000 0.266405 -0.963861 0.000000 0.963861 0.266405 10.0
-0.358229 -0.131655 -0.924305 -0.358229 0.924305 -0.131655 0.1
-0.484442 -0.131200 -0.864929 -0.484442 0.864929 -0.131200 0.1
-0.082242 -0.133071 -0.987688 -0.082242 0.987688 -0.133071 0.1
-0.220117 -0.132792 -0.966393 -0.220117 0.966393 -0.132792 0.1
-0.375039 -0.383614 -0.843911 -0.375039 0.843911 -0.383614 0.1
-0.301259 -0.264083 -0.916244 -0.301259 0.916244 -0.264083 0.1
-0.238677 -0.386187 -0.891007 -0.238677 0.891007 -0.386187 0.1
0.484442 -0.131200 -0.864929 0.484442 0.864929 -0.131200 0.1
0.358229 -0.131655 -0.924305 0.358229 0.924305 -0.131655 0.1
0.238677 -0.386187 -0.891007 0.238677 0.891007 -0.386187 0.1
0.301259 -0.264083 -0.916244 0.301259 0.916244 -0.264083 0.1
0.375039 -0.383614 -0.843911 0.375039 0.843911 -0.383614 0.1
0.220117 -0.132792 -0.966393 0.220117 0.966393 -0.132792 0.1
0.082242 -0.133071 -0.987688 0.082242 0.987688 -0.133071 0.1
-0.081086 -0.783843 -0.615642 -0.081086 0.615642 -0.783843 0.1
0.000000 -0.711282 -0.702907 0.000000 0.702907 -0.711282 0.1
0.081086 -0.783843 -0.615642 0.081086 0.615642 -0.783843 0.1
-0.156434 -0.519258 -0.840178 -0.156434 0.840178 -0.519258 0.1
-0.081142 -0.620240 -0.780204 -0.081142 0.780204 -0.620240 0.1
-0.237086 -0.606825 -0.758652 -0.237086 0.758652 -0.606825 0.1
0.237086 -0.606825 -0.758652 0.237086 0.758652 -0.606825 0.1
0.081142 -0.620240 -0.780204 0.081142 0.780204 -0.620240 0.1
0.156434 -0.519258 -0.840178 0.156434 0.840178 -0.519258 0.1
0.000000 -0.266405 -0.963861 0.000000 0.963861 -0.266405 0.1
0.082324 -0.399607 -0.912982 0.082324 0.912982 -0.399607 0.1
-0.082324 -0.399607 -0.912982 -0.082324 0.912982 -0.399607 0.1
-0.571252 -0.213023 -0.792649 -0.571252 0.792649 -0.213023 0.1
-0.615642 -0.081086 -0.783843 -0.615642 0.783843 -0.081086 0.1
-0.453990 -0.468430 -0.757935 -0.453990 0.757935 -0.468430 0.1
-0.516122 -0.346153 -0.783452 -0.516122 0.783452 -0.346153 0.1
-0.758652 -0.237086 -0.606825 -0.758652 0.606825 -0.237086 0.1
-0.647412 -0.296005 -0.702310 -0.647412 0.702310 -0.296005 0.1
-0.707107 -0.371748 -0.601501 -0.707107 0.601501 -0.371748 0.1
-0.131200 -0.864929 -0.484442 -0.131200 0.484442 -0.864929 0.1
-0.213023 -0.792649 -0.571252 -0.213023 0.571252 -0.792649 0.1
-0.468430 -0.757935 -0.453990 -0.468430 0.453990 -0.757935 0.1
-0.346153 -0.783452 -0.516122 -0.346153 0.516122 -0.783452 0.1
-0.383614 -0.843911 -0.375039 -0.383614 0.375039 -0.843911 0.1
-0.296005 -0.702310 -0.647412 -0.296005 0.647412 -0.702310 0.1
-0.371748 -0.601501 -0.707107 -0.371748 0.707107 -0.601501 0.1
-0.864929 -0.484442 -0.131200 -0.864929 0.131200 -0.484442 0.1
-0.792649 -0.571252 -0.213023 -0.792649 0.213023 -0.571252 0.1
-0.783843 -0.615642 -0.081086 -0.783843 0.081086 -0.615642 0.1
-0.757935 -0.453990 -0.468430 -0.757935 0.468430 -0.453990 0.1
-0.783452 -0.516122 -0.346153 -0.783452 0.346153 -0.516122 0.1
-0.843911 -0.375039 -0.383614 -0.843911 0.383614 -0.375039 0.1
-0.606825 -0.758652 -0.237086 -0.606825 0.237086 -0.758652 0.1
-0.702310 -0.647412 -0.296005 -0.702310 0.296005 -0.647412 0.1
-0.601501 -0.707107 -0.371748 -0.601501 0.371748 -0.707107 0.1
-0.513375 -0.564254 -0.646578 -0.513375 0.646578 -0.564254 0.1
-0.564254 -0.646578 -0.513375 -0.564254 0.513375 -0.646578 0.1
-0.646578 -0.513375 -0.564254 -0.646578 0.564254 -0.513375 0.1
-0.702907 -0.000000 -0.711282 -0.702907 0.711282 0.000000 10.0
-0.840178 -0.156434 -0.519258 -0.840178 0.519258 -0.156434 0.1
-0.780204 -0.081142 -0.620240 -0.780204 0.620240 -0.081142 0.1
-0.780204 0.081142 -0.620240 -0.780204 0.620240 0.081142 10.0
-0.840178 0.156434 -0.519258 -0.840178 0.519258 0.156434 10.0
-0.915043 -0.403355 0.000000 -0.915043 0.000000 -0.403355 0.1
-0.924305 -0.358229 -0.131655 -0.924305 0.131655 -0.358229 0.1
-0.987688 -0.082242 -0.133071 -0.987688 0.133071 -0.082242 0.1
-0.966393 -0.220117 -0.132792 -0.966393 0.132792 -0.220117 0.1
-0.990439 -0.137952 0.000000 -0.990439 0.000000 -0.137952 0.1
-0.916244 -0.301259 -0.264083 -0.916244 0.264083 -0.301259 0.1
-0.891007 -0.238677 -0.386187 -0.891007 0.386187 -0.238677 0.1
-0.924305 0.358229 -0.131655 -0.924305 0.131655 0.358229 10.0
-0.915043 0.403355 -0.000000 -0.915043 0.000000 0.403355 10.0
-0.891007 0.238677 -0.386187 -0.891007 0.386187 0.238677 10.0
-0.916244 0.301259 -0.264083 -0.916244 0.264083 0.301259 10.0
-0.990439 0.137952 -0.000000 -0.990439 0.000000 0.137952 10.0
-0.966393 0.220117 -0.132792 -0.966393 0.132792 0.220117 10.0
-0.987688 0.082242 -0.133071 -0.987688 0.133071 0.082242 10.0
-0.912982 -0.082324 -0.399607 -0.912982 0.399607 -0.082324 0.1
-0.963861 -0.000000 -0.266405 -0.963861 0.266405 0.000000 10.0
-0.912982 0.082324 -0.399607 -0.912982 0.399607 0.082324 10.0
0.571252 0.213023 -0.792649 0.571252 0.792649 0.213023 10.0
0.615642 0.081086 -0.783843 0.615642 0.783843 0.081086 10.0
0.453990 0.468430 -0.757935 0.453990 0.757935 0.468430 10.0
0.516122 0.346153 -0.783452 0.516122 0.783452 0.346153 10.0
0.758652 0.237086 -0.606825 0.758652 0.606825 0.237086 10.0
0.647412 0.296005 -0.702310 0.647412 0.702310 0.296005 10.0
0.707107 0.371748 -0.601501 0.707107 0.601501 0.371748 10.0
0.131200 0.864929 -0.484442 0.131200 0.484442 0.864929 10.0
0.213023 0.792649 -0.571252 0.213023 0.571252 0.792649 10.0
0.468430 0.757935 -0.453990 0.468430 0.453990 0.757935 10.0
0.346153 0.783452 -0.516122 0.346153 0.516122 0.783452 10.0
0.383614 0.843911 -0.375039 0.383614 0.375039 0.843911 10.0
0.296005 0.702310 -0.647412 0.296005 0.647412 0.702310 10.0
0.371748 0.601501 -0.707107 0.371748 0.707107 0.601501 10.0
0.864929 0.484442 -0.131200 0.864929 0.131200 0.484442 10.0
0.792649 0.571252 -0.213023 0.792649 0.213023 0.571252 10.0
0.783843 0.615642 -0.081086 0.783843 0.081086 0.615642 10.0
0.757935 0.453990 -0.468430 0.757935 0.468430 0.453990 10.0
0.783452 0.516122 -0.346153 0.783452 0.346153 0.516122 10.0
0.843911 0.375039 -0.383614 0.843911 0.383614 0.375039 10.0
0.606825 0.758652 -0.237086 0.606825 0.237086 0.758652 10.0
0.702310 0.647412 -0.296005 0.702310 0.296005 0.647412 10.0
0.601501 0.707107 -0.371748 0.601501 0.371748 0.707107 10.0
0.513375 0.564254 -0.646578 0.513375 0.646578 0.564254 10.0
0.564254 0.646578 -0.513375 0.564254 0.513375 0.646578 10.0
0.646578 0.513375 -0.564254 0.646578 0.564254 0.513375 10.0
-0.131655 0.924305 -0.358229 -0.131655 0.358229 0.924305 10.0
0.000000 0.915043 -0.403355 0.000000 0.403355 0.915043 10.0
-0.386187 0.891007 -0.238677 -0.386187 0.238677 0.891007 10.0
-0.264083 0.916244 -0.301259 -0.264083 0.301259 0.916244 10.0
0.000000 0.990439 -0.137952 0.000000 0.137952 0.990439 10.0
-0.132792 0.966393 -0.220117 -0.132792 0.220117 0.966393 10.0
-0.133071 0.987688 -0.082242 -0.133071 0.082242 0.987688 10.0
-0.783843 0.615642 0.081086 -0.783843 -0.081086 0.615642 10.0
-0.711282 0.702907 -0.000000 -0.711282 0.000000 0.702907 10.0
-0.519258 0.840178 0.156434 -0.519258 -0.156434 0.840178 10.0
-0.620240 0.780204 0.081142 -0.620240 -0.081142 0.780204 10.0
-0.606825 0.758652 0.237086 -0.606825 -0.237086 0.758652 10.0
-0.620240 0.780204 -0.081142 -0.620240 0.081142 0.780204 10.0
-0.519258 0.840178 -0.156434 -0.519258 0.156434 0.840178 10.0
0.000000 0.915043 0.403355 0.000000 -0.403355 0.915043 10.0
-0.131655 0.924305 0.358229 -0.131655 -0.358229 0.924305 10.0
-0.131200 0.864929 0.484442 -0.131200 -0.484442 0.864929 10.0
-0.133071 0.987688 0.082242 -0.133071 -0.082242 0.987688 10.0
-0.132792 0.966393 0.220117 -0.132792 -0.220117 0.966393 10.0
0.000000 0.990439 0.137952 0.000000 -0.137952 0.990439 10.0
-0.383614 0.843911 0.375039 -0.383614 -0.375039 0.843911 10.0
-0.264083 0.916244 0.301259 -0.264083 -0.301259 0.916244 10.0
-0.386187 0.891007 0.238677 -0.386187 -0.238677 0.891007 10.0
-0.399607 0.912982 -0.082324 -0.399607 0.082324 0.912982 10.0
-0.399607 0.912982 0.082324 -0.399607 -0.082324 0.912982 10.0
-0.266405 0.963861 -0.000000 -0.266405 0.000000 0.963861 10.0
-0.924305 0.358229 0.131655 -0.924305 -0.131655 0.358229 10.0
-0.864929 0.484442 0.131200 -0.864929 -0.131200 0.484442 10.0
-0.987688 0.082242 0.133071 -0.987688 -0.133071 0.082242 10.0
-0.966393 0.220117 0.132792 -0.966393 -0.132792 0.220117 10.0
-0.843911 0.375039 0.383614 -0.843911 -0.383614 0.375039 10.0
-0.916244 0.301259 0.264083 -0.916244 -0.264083 0.301259 10.0
-0.891007 0.238677 0.386187 -0.891007 -0.386187 0.238677 10.0
-0.864929 -0.484442 0.131200 -0.864929 -0.131200 -0.484442 0.1
-0.924305 -0.358229 0.131655 -0.924305 -0.131655 -0.358229 0.1
-0.891007 -0.238677 0.386187 -0.891007 -0.386187 -0.238677 0.1
-0.916244 -0.301259 0.264083 -0.916244 -0.264083 -0.301259 0.1
-0.843911 -0.375039 0.383614 -0.843911 -0.383614 -0.375039 0.1
-0.966393 -0.220117 0.132792 -0.966393 -0.132792 -0.220117 0.1
-0.987688 -0.082242 0.133071 -0.987688 -0.133071 -0.082242 0.1
-0.615642 0.081086 0.783843 -0.615642 -0.783843 0.081086 10.0
-0.702907 0.000000 0.711282 -0.702907 -0.711282 0.000000 10.0
-0.615642 -0.081086 0.783843 -0.615642 -0.783843 -0.081086 0.1
-0.840178 0.156434 0.519258 -0.840178 -0.519258 0.156434 10.0
-0.780204 0.081142 0.620240 -0.780204 -0.620240 0.081142 10.0
-0.758652 0.237086 0.606825 -0.758652 -0.606825 0.237086 10.0
-0.758652 -0.237086 0.606825 -0.758652 -0.606825 -0.237086 0.1
-0.780204 -0.081142 0.620240 -0.780204 -0.620240 -0.081142 0.1
-0.840178 -0.156434 0.519258 -0.840178 -0.519258 -0.156434 0.1
-0.963861 0.000000 0.266405 -0.963861 -0.266405 0.000000 10.0
-0.912982 -0.082324 0.399607 -0.912982 -0.399607 -0.082324 0.1
-0.912982 0.082324 0.399607 -0.912982 -0.399607 0.082324 10.0
-0.711282 -0.702907 0.000000 -0.711282 0.000000 -0.702907 0.1
-0.783843 -0.615642 0.081086 -0.783843 -0.081086 -0.615642 0.1
-0.519258 -0.840178 -0.156434 -0.519258 0.156434 -0.840178 0.1
-0.620240 -0.780204 -0.081142 -0.620240 0.081142 -0.780204 0.1
-0.606825 -0.758652 0.237086 -0.606825 -0.237086 -0.758652 0.1
-0.620240 -0.780204 0.081142 -0.620240 -0.081142 -0.780204 0.1
-0.519258 -0.840178 0.156434 -0.519258 -0.156434 -0.840178 0.1
0.000000 -0.915043 -0.403355 0.000000 0.403355 -0.915043 0.1
-0.131655 -0.924305 -0.358229 -0.131655 0.358229 -0.924305 0.1
-0.133071 -0.987688 -0.082242 -0.133071 0.082242 -0.987688 0.1
-0.132792 -0.966393 -0.220117 -0.132792 0.220117 -0.966393 0.1
0.000000 -0.990439 -0.137952 0.000000 0.137952 -0.990439 0.1
-0.264083 -0.916244 -0.301259 -0.264083 0.301259 -0.916244 0.1
-0.386187 -0.891007 -0.238677 -0.386187 0.238677 -0.891007 0.1
-0.131200 -0.864929 0.484442 -0.131200 -0.484442 -0.864929 0.1
-0.131655 -0.924305 0.358229 -0.131655 -0.358229 -0.924305 0.1
0.000000 -0.915043 0.403355 0.000000 -0.403355 -0.915043 0.1
-0.386187 -0.891007 0.238677 -0.386187 -0.238677 -0.891007 0.1
-0.264083 -0.916244 0.301259 -0.264083 -0.301259 -0.916244 0.1
-0.383614 -0.843911 0.375039 -0.383614 -0.375039 -0.843911 0.1
0.000000 -0.990439 0.137952 0.000000 -0.137952 -0.990439 0.1
-0.132792 -0.966393 0.220117 -0.132792 -0.220117 -0.966393 0.1
-0.133071 -0.987688 0.082242 -0.133071 -0.082242 -0.987688 0.1
-0.399607 -0.912982 -0.082324 -0.399607 0.082324 -0.912982 0.1
-0.266405 -0.963861 0.000000 -0.266405 0.000000 -0.963861 0.1
-0.399607 -0.912982 0.082324 -0.399607 -0.082324 -0.912982 0.1
0.213023 -0.792649 -0.571252 0.213023 0.571252 -0.792649 0.1
0.131200 -0.864929 -0.484442 0.131200 0.484442 -0.864929 0.1
0.371748 -0.601501 -0.707107 0.371748 0.707107 -0.601501 0.1
0.296005 -0.702310 -0.647412 0.296005 0.647412 -0.702310 0.1
0.383614 -0.843911 -0.375039 0.383614 0.375039 -0.843911 0.1
0.346153 -0.783452 -0.516122 0.346153 0.516122 -0.783452 0.1
0.468430 -0.757935 -0.453990 0.468430 0.453990 -0.757935 0.1
0.615642 -0.081086 -0.783843 0.615642 0.783843 -0.081086 0.1
0.571252 -0.213023 -0.792649 0.571252 0.792649 -0.213023 0.1
0.707107 -0.371748 -0.601501 0.707107 0.601501 -0.371748 0.1
0.647412 -0.296005 -0.702310 0.647412 0.702310 -0.296005 0.1
0.758652 -0.237086 -0.606825 0.758652 0.606825 -0.237086 0.1
0.516122 -0.346153 -0.783452 0.516122 0.783452 -0.346153 0.1
0.453990 -0.468430 -0.757935 0.453990 0.757935 -0.468430 0.1
0.783843 -0.615642 -0.081086 0.783843 0.081086 -0.615642 0.1
0.792649 -0.571252 -0.213023 0.792649 0.213023 -0.571252 0.1
0.864929 -0.484442 -0.131200 0.864929 0.131200 -0.484442 0.1
0.601501 -0.707107 -0.371748 0.601501 0.371748 -0.707107 0.1
0.702310 -0.647412 -0.296005 0.702310 0.296005 -0.647412 0.1
0.606825 -0.758652 -0.237086 0.606825 0.237086 -0.758652 0.1
0.843911 -0.375039 -0.383614 0.843911 0.383614 -0.375039 0.1
0.783452 -0.516122 -0.346153 0.783452 0.346153 -0.516122 0.1
0.757935 -0.453990 -0.468430 0.757935 0.468430 -0.453990 0.1
0.513375 -0.564254 -0.646578 0.513375 0.646578 -0.564254 0.1
0.646578 -0.513375 -0.564254 0.646578 0.564254 -0.513375 0.1
0.564254 -0.646578 -0.513375 0.564254 0.513375 -0.646578 0.1
0.615642 0.081086 0.783843 0.615642 -0.783843 0.081086 10.0
0.571252 0.213023 0.792649 0.571252 -0.792649 0.213023 10.0
0.484442 0.131200 0.864929 0.484442 -0.864929 0.131200 10.0
0.707107 0.371748 0.601501 0.707107 -0.601501 0.371748 10.0
0.647412 0.296005 0.702310 0.647412 -0.702310 0.296005 10.0
0.758652 0.237086 0.606825 0.758652 -0.606825 0.237086 10.0
0.375039 0.383614 0.843911 0.375039 -0.843911 0.383614 10.0
0.516122 0.346153 0.783452 0.516122 -0.783452 0.346153 10.0
0.453990 0.468430 0.757935 0.453990 -0.757935 0.468430 10.0
0.783843 0.615642 0.081086 0.783843 -0.081086 0.615642 10.0
0.792649 0.571252 0.213023 0.792649 -0.213023 0.571252 10.0
0.864929 0.484442 0.131200 0.864929 -0.131200 0.484442 10.0
0.601501 0.707107 0.371748 0.601501 -0.371748 0.707107 10.0
0.702310 0.647412 0.296005 0.702310 -0.296005 0.647412 10.0
0.606825 0.758652 0.237086 0.606825 -0.237086 0.758652 10.0
0.843911 0.375039 0.383614 0.843911 -0.383614 0.375039 10.0
0.783452 0.516122 0.346153 0.783452 -0.346153 0.516122 10.0
0.757935 0.453990 0.468430 0.757935 -0.468430 0.453990 10.0
0.081086 0.783843 0.615642 0.081086 -0.615642 0.783843 10.0
0.213023 0.792649 0.571252 0.213023 -0.571252 0.792649 10.0
0.131200 0.864929 0.484442 0.131200 -0.484442 0.864929 10.0
0.371748 0.601501 0.707107 0.371748 -0.707107 0.601501 10.0
0.296005 0.702310 0.647412 0.296005 -0.647412 0.702310 10.0
0.237086 0.606825 0.758652 0.237086 -0.758652 0.606825 10.0
0.383614 0.843911 0.375039 0.383614 -0.375039 0.843911 10.0
0.346153 0.783452 0.516122 0.346153 -0.516122 0.783452 10.0
0.468430 0.757935 0.453990 0.468430 -0.453990 0.757935 10.0
0.646578 0.513375 0.564254 0.646578 -0.564254 0.513375 10.0
0.564254 0.646578 0.513375 0.564254 -0.513375 0.646578 10.0
0.513375 0.564254 0.646578 0.513375 -0.646578 0.564254 10.0
0.358229 0.131655 0.924305 0.358229 -0.924305 0.131655 10.0
0.403355 0.000000 0.915043 0.403355 -0.915043 0.000000 10.0
0.238677 0.386187 0.891007 0.238677 -0.891007 0.386187 10.0
0.301259 0.264083 0.916244 0.301259 -0.916244 0.264083 10.0
0.137952 0.000000 0.990439 0.137952 -0.990439 0.000000 10.0
0.220117 0.132792 0.966393 0.220117 -0.966393 0.132792 10.0
0.082242 0.133071 0.987688 0.082242 -0.987688 0.133071 10.0
-0.081086 0.783843 0.615642 -0.081086 -0.615642 0.783843 10.0
0.000000 0.711282 0.702907 0.000000 -0.702907 0.711282 10.0
-0.156434 0.519258 0.840178 -0.156434 -0.840178 0.519258 10.0
-0.081142 0.620240 0.780204 -0.081142 -0.780204 0.620240 10.0
-0.237086 0.606825 0.758652 -0.237086 -0.758652 0.606825 10.0
0.081142 0.620240 0.780204 0.081142 -0.780204 0.620240 10.0
0.156434 0.519258 0.840178 0.156434 -0.840178 0.519258 10.0
-0.403355 0.000000 0.915043 -0.403355 -0.915043 0.000000 10.0
-0.358229 0.131655 0.924305 -0.358229 -0.924305 0.131655 10.0
-0.484442 0.131200 0.864929 -0.484442 -0.864929 0.131200 10.0
-0.082242 0.133071 0.987688 -0.082242 -0.987688 0.133071 10.0
-0.220117 0.132792 0.966393 -0.220117 -0.966393 0.132792 10.0
-0.137952 0.000000 0.990439 -0.137952 -0.990439 0.000000 10.0
-0.375039 0.383614 0.843911 -0.375039 -0.843911 0.383614 10.0
-0.301259 0.264083 0.916244 -0.301259 -0.916244 0.264083 10.0
-0.238677 0.386187 0.891007 -0.238677 -0.891007 0.386187 10.0
0.082324 0.399607 0.912982 0.082324 -0.912982 0.399607 10.0
-0.082324 0.399607 0.912982 -0.082324 -0.912982 0.399607 10.0
0.000000 0.266405 0.963861 0.000000 -0.963861 0.266405 10.0
0.358229 -0.131655 0.924305 0.358229 -0.924305 -0.131655 0.1
0.484442 -0.131200 0.864929 0.484442 -0.864929 -0.131200 0.1
0.082242 -0.133071 0.987688 0.082242 -0.987688 -0.133071 0.1
0.220117 -0.132792 0.966393 0.220117 -0.966393 -0.132792 0.1
0.375039 -0.383614 0.843911 0.375039 -0.843911 -0.383614 0.1
0.301259 -0.264083 0.916244 0.301259 -0.916244 -0.264083 0.1
0.238677 -0.386187 0.891007 0.238677 -0.891007 -0.386187 0.1
-0.484442 -0.131200 0.864929 -0.484442 -0.864929 -0.131200 0.1
-0.358229 -0.131655 0.924305 -0.358229 -0.924305 -0.131655 0.1
-0.238677 -0.386187 0.891007 -0.238677 -0.891007 -0.386187 0.1
-0.301259 -0.264083 0.916244 -0.301259 -0.916244 -0.264083 0.1
-0.375039 -0.383614 0.843911 -0.375039 -0.843911 -0.383614 0.1
-0.220117 -0.132792 0.966393 -0.220117 -0.966393 -0.132792 0.1
-0.082242 -0.133071 0.987688 -0.082242 -0.987688 -0.133071 0.1
0.081086 -0.783843 0.615642 0.081086 -0.615642 -0.783843 0.1
0.000000 -0.711282 0.702907 0.000000 -0.702907 -0.711282 0.1
-0.081086 -0.783843 0.615642 -0.081086 -0.615642 -0.783843 0.1
0.156434 -0.519258 0.840178 0.156434 -0.840178 -0.519258 0.1
0.081142 -0.620240 0.780204 0.081142 -0.780204 -0.620240 0.1
0.237086 -0.606825 0.758652 0.237086 -0.758652 -0.606825 0.1
-0.237086 -0.606825 0.758652 -0.237086 -0.758652 -0.606825 0.1
-0.081142 -0.620240 0.780204 -0.081142 -0.780204 -0.620240 0.1
-0.156434 -0.519258 0.840178 -0.156434 -0.840178 -0.519258 0.1
0.000000 -0.266405 0.963861 0.000000 -0.963861 -0.266405 0.1
-0.082324 -0.399607 0.912982 -0.082324 -0.912982 -0.399607 0.1
0.082324 -0.399607 0.912982 0.082324 -0.912982 -0.399607 0.1
0.571252 -0.213023 0.792649 0.571252 -0.792649 -0.213023 0.1
0.615642 -0.081086 0.783843 0.615642 -0.783843 -0.081086 0.1
0.453990 -0.468430 0.757935 0.453990 -0.757935 -0.468430 0.1
0.516122 -0.346153 0.783452 0.516122 -0.783452 -0.346153 0.1
0.758652 -0.237086 0.606825 0.758652 -0.606825 -0.237086 0.1
0.647412 -0.296005 0.702310 0.647412 -0.702310 -0.296005 0.1
0.707107 -0.371748 0.601501 0.707107 -0.601501 -0.371748 0.1
0.131200 -0.864929 0.484442 0.131200 -0.484442 -0.864929 0.1
0.213023 -0.792649 0.571252 0.213023 -0.571252 -0.792649 0.1
0.468430 -0.757935 0.453990 0.468430 -0.453990 -0.757935 0.1
0.346153 -0.783452 0.516122 0.346153 -0.516122 -0.783452 0.1
0.383614 -0.843911 0.375039 0.383614 -0.375039 -0.843911 0.1
0.296005 -0.702310 0.647412 0.296005 -0.647412 -0.702310 0.1
0.371748 -0.601501 0.707107 0.371748 -0.707107 -0.601501 0.1
0.864929 -0.484442 0.131200 0.864929 -0.131200 -0.484442 0.1
0.792649 -0.571252 0.213023 0.792649 -0.213023 -0.571252 0.1
0.783843 -0.615642 0.081086 0.783843 -0.081086 -0.615642 0.1
0.757935 -0.453990 0.468430 0.757935 -0.468430 -0.453990 0.1
0.783452 -0.516122 0.346153 0.783452 -0.346153 -0.516122 0.1
0.843911 -0.375039 0.383614 0.843911 -0.383614 -0.375039 0.1
0.606825 -0.758652 0.237086 0.606825 -0.237086 -0.758652 0.1
0.702310 -0.647412 0.296005 0.702310 -0.296005 -0.647412 0.1
0.601501 -0.707107 0.371748 0.601501 -0.371748 -0.707107 0.1
0.513375 -0.564254 0.646578 0.513375 -0.646578 -0.564254 0.1
0.564254 -0.646578 0.513375 0.564254 -0.513375 -0.646578 0.1
0.646578 -0.513375 0.564254 0.646578 -0.564254 -0.513375 0.1
0.702907 0.000000 0.711282 0.702907 -0.711282 0.000000 10.0
0.840178 -0.156434 0.519258 0.840178 -0.519258 -0.156434 0.1
0.780204 -0.081142 0.620240 0.780204 -0.620240 -0.081142 0.1
0.780204 0.081142 0.620240 0.780204 -0.620240 0.081142 10.0
0.840178 0.156434 0.519258 0.840178 -0.519258 0.156434 10.0
0.915043 -0.403355 0.000000 0.915043 0.000000 -0.403355 0.1
0.924305 -0.358229 0.131655 0.924305 -0.131655 -0.358229 0.1
0.987688 -0.082242 0.133071 0.987688 -0.133071 -0.082242 0.1
0.966393 -0.220117 0.132792 0.966393 -0.132792 -0.220117 0.1
0.990439 -0.137952 0.000000 0.990439 0.000000 -0.137952 0.1
0.916244 -0.301259 0.264083 0.916244 -0.264083 -0.301259 0.1
0.891007 -0.238677 0.386187 0.891007 -0.386187 -0.238677 0.1
0.924305 0.358229 0.131655 0.924305 -0.131655 0.358229 10.0
0.915043 0.403355 -0.000000 0.915043 0.000000 0.403355 10.0
0.891007 0.238677 0.386187 0.891007 -0.386187 0.238677 10.0
0.916244 0.301259 0.264083 0.916244 -0.264083 0.301259 10.0
0.990439 0.137952 -0.000000 0.990439 0.000000 0.137952 10.0
0.966393 0.220117 0.132792 0.966393 -0.132792 0.220117 10.0
0.987688 0.082242 0.133071 0.987688 -0.133071 0.082242 10.0
0.912982 -0.082324 0.399607 0.912982 -0.399607 -0.082324 0.1
0.963861 0.000000 0.266405 0.963861 -0.266405 0.000000 10.0
0.912982 0.082324 0.399607 0.912982 -0.399607 0.082324 10.0
0.131655 0.924305 0.358229 0.131655 -0.358229 0.924305 10.0
0.386187 0.891007 0.238677 0.386187 -0.238677 0.891007 10.0
0.264083 0.916244 0.301259 0.264083 -0.301259 0.916244 10.0
0.132792 0.966393 0.220117 0.132792 -0.220117 0.966393 10.0
0.133071 0.987688 0.082242 0.133071 -0.082242 0.987688 10.0
0.711282 0.702907 -0.000000 0.711282 0.000000 0.702907 10.0
0.519258 0.840178 -0.156434 0.519258 0.156434 0.840178 10.0
0.620240 0.780204 -0.081142 0.620240 0.081142 0.780204 10.0
0.620240 0.780204 0.081142 0.620240 -0.081142 0.780204 10.0
0.519258 0.840178 0.156434 0.519258 -0.156434 0.840178 10.0
0.131655 0.924305 -0.358229 0.131655 0.358229 0.924305 10.0
0.133071 0.987688 -0.082242 0.133071 0.082242 0.987688 10.0
0.132792 0.966393 -0.220117 0.132792 0.220117 0.966393 10.0
0.264083 0.916244 -0.301259 0.264083 0.301259 0.916244 10.0
0.386187 0.891007 -0.238677 0.386187 0.238677 0.891007 10.0
0.399607 0.912982 0.082324 0.399607 -0.082324 0.912982 10.0
0.399607 0.912982 -0.082324 0.399607 0.082324 0.912982 10.0
0.266405 0.963861 -0.000000 0.266405 0.000000 0.963861 10.0
-0.571252 0.213023 0.792649 -0.571252 -0.792649 0.213023 10.0
-0.453990 0.468430 0.757935 -0.453990 -0.757935 0.468430 10.0
-0.516122 0.346153 0.783452 -0.516122 -0.783452 0.346153 10.0
-0.647412 0.296005 0.702310 -0.647412 -0.702310 0.296005 10.0
-0.707107 0.371748 0.601501 -0.707107 -0.601501 0.371748 10.0
-0.213023 0.792649 0.571252 -0.213023 -0.571252 0.792649 10.0
-0.468430 0.757935 0.453990 -0.468430 -0.453990 0.757935 10.0
-0.346153 0.783452 0.516122 -0.346153 -0.516122 0.783452 10.0
-0.296005 0.702310 0.647412 -0.296005 -0.647412 0.702310 10.0
-0.371748 0.601501 0.707107 -0.371748 -0.707107 0.601501 10.0
-0.792649 0.571252 0.213023 -0.792649 -0.213023 0.571252 10.0
-0.757935 0.453990 0.468430 -0.757935 -0.468430 0.453990 10.0
-0.783452 0.516122 0.346153 -0.783452 -0.346153 0.516122 10.0
-0.702310 0.647412 0.296005 -0.702310 -0.296005 0.647412 10.0
-0.601501 0.707107 0.371748 -0.601501 -0.371748 0.707107 10.0
-0.513375 0.564254 0.646578 -0.513375 -0.646578 0.564254 10.0
-0.564254 0.646578 0.513375 -0.564254 -0.513375 0.646578 10.0
-0.646578 0.513375 0.564254 -0.646578 -0.564254 0.513375 10.0
-0.213023 -0.792649 0.571252 -0.213023 -0.571252 -0.792649 0.1
-0.371748 -0.601501 0.707107 -0.371748 -0.707107 -0.601501 0.1
-0.296005 -0.702310 0.647412 -0.296005 -0.647412 -0.702310 0.1
-0.346153 -0.783452 0.516122 -0.346153 -0.516122 -0.783452 0.1
-0.468430 -0.757935 0.453990 -0.468430 -0.453990 -0.757935 0.1
-0.571252 -0.213023 0.792649 -0.571252 -0.792649 -0.213023 0.1
-0.707107 -0.371748 0.601501 -0.707107 -0.601501 -0.371748 0.1
-0.647412 -0.296005 0.702310 -0.647412 -0.702310 -0.296005 0.1
-0.516122 -0.346153 0.783452 -0.516122 -0.783452 -0.346153 0.1
-0.453990 -0.468430 0.757935 -0.453990 -0.757935 -0.468430 0.1
-0.792649 -0.571252 0.213023 -0.792649 -0.213023 -0.571252 0.1
-0.601501 -0.707107 0.371748 -0.601501 -0.371748 -0.707107 0.1
-0.702310 -0.647412 0.296005 -0.702310 -0.296005 -0.647412 0.1
-0.783452 -0.516122 0.346153 -0.783452 -0.346153 -0.516122 0.1
-0.757935 -0.453990 0.468430 -0.757935 -0.468430 -0.453990 0.1
-0.513375 -0.564254 0.646578 -0.513375 -0.646578 -0.564254 0.1
-0.646578 -0.513375 0.564254 -0.646578 -0.564254 -0.513375 0.1
-0.564254 -0.646578 0.513375 -0.564254 -0.513375 -0.646578 0.1
0.711282 -0.702907 0.000000 0.711282 0.000000 -0.702907 0.1
0.519258 -0.840178 0.156434 0.519258 -0.156434 -0.840178 0.1
0.620240 -0.780204 0.081142 0.620240 -0.081142 -0.780204 0.1
0.620240 -0.780204 -0.081142 0.620240 0.081142 -0.780204 0.1
0.519258 -0.840178 -0.156434 0.519258 0.156434 -0.840178 0.1
0.131655 -0.924305 0.358229 0.131655 -0.358229 -0.924305 0.1
0.133071 -0.987688 0.082242 0.133071 -0.082242 -0.987688 0.1
0.132792 -0.966393 0.220117 0.132792 -0.220117 -0.966393 0.1
0.264083 -0.916244 0.301259 0.264083 -0.301259 -0.916244 0.1
0.386187 -0.891007 0.238677 0.386187 -0.238677 -0.891007 0.1
0.131655 -0.924305 -0.358229 0.131655 0.358229 -0.924305 0.1
0.386187 -0.891007 -0.238677 0.386187 0.238677 -0.891007 0.1
0.264083 -0.916244 -0.301259 0.264083 0.301259 -0.916244 0.1
0.132792 -0.966393 -0.220117 0.132792 0.220117 -0.966393 0.1
0.133071 -0.987688 -0.082242 0.133071 0.082242 -0.987688 0.1
0.399607 -0.912982 0.082324 0.399607 -0.082324 -0.912982 0.1
0.266405 -0.963861 0.000000 0.266405 0.000000 -0.963861 0.1
0.399607 -0.912982 -0.082324 0.399607 0.082324 -0.912982 0.1
0.924305 0.358229 -0.131655 0.924305 0.131655 0.358229 10.0
0.987688 0.082242 -0.133071 0.987688 0.133071 0.082242 10.0
0.966393 0.220117 -0.132792 0.966393 0.132792 0.220117 10.0
0.916244 0.301259 -0.264083 0.916244 0.264083 0.301259 10.0
0.891007 0.238677 -0.386187 0.891007 0.386187 0.238677 10.0
0.924305 -0.358229 -0.131655 0.924305 0.131655 -0.358229 0.1
0.891007 -0.238677 -0.386187 0.891007 0.386187 -0.238677 0.1
0.916244 -0.301259 -0.264083 0.916244 0.264083 -0.301259 0.1
0.966393 -0.220117 -0.132792 0.966393 0.132792 -0.220117 0.1
0.987688 -0.082242 -0.133071 0.987688 0.133071 -0.082242 0.1
0.702907 -0.000000 -0.711282 0.702907 0.711282 0.000000 10.0
0.840178 0.156434 -0.519258 0.840178 0.519258 0.156434 10.0
0.780204 0.081142 -0.620240 0.780204 0.620240 0.081142 10.0
0.780204 -0.081142 -0.620240 0.780204 0.620240 -0.081142 0.1
0.840178 -0.156434 -0.519258 0.840178 0.519258 -0.156434 0.1
0.963861 -0.000000 -0.266405 0.963861 0.266405 0.000000 10.0
0.912982 -0.082324 -0.399607 0.912982 0.399607 -0.082324 0.1
0.912982 0.082324 -0.399607 0.912982 0.399607 0.082324 10.0
