642
-0.525731 0.850651 0.000000 -0.525731 0.850651 0.000000 100.000000
0.525731 0.850651 0.000000 0.525731 0.850651 0.000000 100.000000
-0.525731 -0.850651 0.000000 -0.525731 -0.850651 0.000000 0.000000
0.525731 -0.850651 0.000000 0.525731 -0.850651 0.000000 0.000000
0.000000 -0.525731 0.850651 0.000000 -0.525731 0.850651 0.000000
0.000000 0.525731 0.850651 0.000000 0.525731 0.850651 100.000000
0.000000 -0.525731 -0.850651 0.000000 -0.525731 -0.850651 0.000000
0.000000 0.525731 -0.850651 0.000000 0.525731 -0.850651 100.000000
0.850651 0.000000 -0.525731 0.850651 0.000000 -0.525731 100.000000
0.850651 0.000000 0.525731 0.850651 0.000000 0.525731 100.000000
-0.850651 0.000000 -0.525731 -0.850651 0.000000 -0.525731 100.000000
-0.850651 0.000000 0.525731 -0.850651 0.000000 0.525731 100.000000
-0.809017 0.500000 0.309017 -0.809017 0.500000 0.309017 100.000000
-0.500000 0.309017 0.809017 -0.500000 0.309017 0.809017 100.000000
-0.309017 0.809017 0.500000 -0.309017 0.809017 0.500000 100.000000
0.309017 0.809017 0.500000 0.309017 0.809017 0.500000 100.000000
0.000000 1.000000 0.000000 0.000000 1.000000 0.000000 100.000000
0.309017 0.809017 -0.500000 0.309017 0.809017 -0.500000 100.000000
-0.309017 0.809017 -0.500000 -0.309017 0.809017 -0.500000 100.000000
-0.500000 0.309017 -0.809017 -0.500000 0.309017 -0.809017 100.000000
-0.809017 0.500000 -0.309017 -0.809017 0.500000 -0.309017 100.000000
-1.000000 0.000000 0.000000 -1.000000 0.000000 0.000000 100.000000
0.500000 0.309017 0.809017 0.500000 0.309017 0.809017 100.000000
0.809017 0.500000 0.309017 0.809017 0.500000 0.309017 100.000000
-0.500000 -0.309017 0.809017 -0.500000 -0.309017 0.809017 0.000000
0.000000 0.000000 1.000000 0.000000 0.000000 1.000000 100.000000
-0.809017 -0.500000 -0.309017 -0.809017 -0.500000 -0.309017 0.000000
-0.809017 -0.500000 0.309017 -0.809017 -0.500000 0.309017 0.000000
0.000000 0.000000 -1.000000 0.000000 0.000000 -1.000000 100.000000
-0.500000 -0.309017 -0.809017 -0.500000 -0.309017 -0.809017 0.000000
0.809017 0.500000 -0.309017 0.809017 0.500000 -0.309017 100.000000
0.500000 0.309017 -0.809017 0.500000 0.309017 -0.809017 100.000000
0.809017 -0.500000 0.309017 0.809017 -0.500000 0.309017 0.000000
0.500000 -0.309017 0.809017 0.500000 -0.309017 0.809017 0.000000
0.309017 -0.809017 0.500000 0.309017 -0.809017 0.500000 0.000000
-0.309017 -0.809017 0.500000 -0.309017 -0.809017 0.500000 0.000000
0.000000 -1.000000 0.000000 0.000000 -1.000000 0.000000 0.000000
-0.309017 -0.809017 -0.500000 -0.309017 -0.809017 -0.500000 0.000000
0.309017 -0.809017 -0.500000 0.309017 -0.809017 -0.500000 0.000000
0.500000 -0.309017 -0.809017 0.500000 -0.309017 -0.809017 0.000000
0.809017 -0.500000 -0.309017 0.809017 -0.500000 -0.309017 0.000000
1.000000 0.000000 0.000000 1.000000 0.000000 0.000000 100.000000
-0.693780 0.702046 0.160622 -0.693780 0.702046 0.160622 100.000000
-0.587785 0.688191 0.425325 -0.587785 0.688191 0.425325 100.000000
-0.433889 0.862668 0.259892 -0.433889 0.862668 0.259892 100.000000
-0.702046 0.160622 0.693780 -0.702046 0.160622 0.693780 100.000000
-0.688191 0.425325 0.587785 -0.688191 0.425325 0.587785 100.000000
-0.862668 0.259892 0.433889 -0.862668 0.259892 0.433889 100.000000
-0.160622 0.693780 0.702046 -0.160622 0.693780 0.702046 100.000000
-0.425325 0.587785 0.688191 -0.425325 0.587785 0.688191 100.000000
-0.259892 0.433889 0.862668 -0.259892 0.433889 0.862668 100.000000
-0.162460 0.951057 0.262866 -0.162460 0.951057 0.262866 100.000000
-0.273267 0.961938 0.000000 -0.273267 0.961938 0.000000 100.000000
0.160622 0.693780 0.702046 0.160622 0.693780 0.702046 100.000000
0.000000 0.850651 0.525731 0.000000 0.850651 0.525731 100.000000
0.273267 0.961938 0.000000 0.273267 0.961938 0.000000 100.000000
0.162460 0.951057 0.262866 0.162460 0.951057 0.262866 100.000000
0.433889 0.862668 0.259892 0.433889 0.862668 0.259892 100.000000
-0.162460 0.951057 -0.262866 -0.162460 0.951057 -0.262866 100.000000
-0.433889 0.862668 -0.259892 -0.433889 0.862668 -0.259892 100.000000
0.433889 0.862668 -0.259892 0.433889 0.862668 -0.259892 100.000000
0.162460 0.951057 -0.262866 0.162460 0.951057 -0.262866 100.000000
-0.160622 0.693780 -0.702046 -0.160622 0.693780 -0.702046 100.000000
0.000000 0.850651 -0.525731 0.000000 0.850651 -0.525731 100.000000
0.160622 0.693780 -0.702046 0.160622 0.693780 -0.702046 100.000000
-0.587785 0.688191 -0.425325 -0.587785 0.688191 -0.425325 100.000000
-0.693780 0.702046 -0.160622 -0.693780 0.702046 -0.160622 100.000000
-0.259892 0.433889 -0.862668 -0.259892 0.433889 -0.862668 100.000000
-0.425325 0.587785 -0.688191 -0.425325 0.587785 -0.688191 100.000000
-0.862668 0.259892 -0.433889 -0.862668 0.259892 -0.433889 100.000000
-0.688191 0.425325 -0.587785 -0.688191 0.425325 -0.587785 100.000000
-0.702046 0.160622 -0.693780 -0.702046 0.160622 -0.693780 100.000000
-0.850651 0.525731 0.000000 -0.850651 0.525731 0.000000 100.000000
-0.961938 0.000000 -0.273267 -0.961938 0.000000 -0.273267 100.000000
-0.951057 0.262866 -0.162460 -0.951057 0.262866 -0.162460 100.000000
-0.951057 0.262866 0.162460 -0.951057 0.262866 0.162460 100.000000
-0.961938 0.000000 0.273267 -0.961938 0.000000 0.273267 100.000000
0.587785 0.688191 0.425325 0.587785 0.688191 0.425325 100.000000
0.693780 0.702046 0.160622 0.693780 0.702046 0.160622 100.000000
0.259892 0.433889 0.862668 0.259892 0.433889 0.862668 100.000000
0.425325 0.587785 0.688191 0.425325 0.587785 0.688191 100.000000
0.862668 0.259892 0.433889 0.862668 0.259892 0.433889 100.000000
0.688191 0.425325 0.587785 0.688191 0.425325 0.587785 100.000000
0.702046 0.160622 0.693780 0.702046 0.160622 0.693780 100.000000
-0.262866 0.162460 0.951057 -0.262866 0.162460 0.951057 100.000000
0.000000 0.273267 0.961938 0.000000 0.273267 0.961938 100.000000
-0.702046 -0.160622 0.693780 -0.702046 -0.160622 0.693780 0.000000
-0.525731 0.000000 0.850651 -0.525731 0.000000 0.850651 100.000000
0.000000 -0.273267 0.961938 0.000000 -0.273267 0.961938 0.000000
-0.262866 -0.162460 0.951057 -0.262866 -0.162460 0.951057 0.000000
-0.259892 -0.433889 0.862668 -0.259892 -0.433889 0.862668 0.000000
-0.951057 -0.262866 0.162460 -0.951057 -0.262866 0.162460 0.000000
-0.862668 -0.259892 0.433889 -0.862668 -0.259892 0.433889 0.000000
-0.862668 -0.259892 -0.433889 -0.862668 -0.259892 -0.433889 0.000000
-0.951057 -0.262866 -0.162460 -0.951057 -0.262866 -0.162460 0.000000
-0.693780 -0.702046 0.160622 -0.693780 -0.702046 0.160622 0.000000
-0.850651 -0.525731 0.000000 -0.850651 -0.525731 0.000000 0.000000
-0.693780 -0.702046 -0.160622 -0.693780 -0.702046 -0.160622 0.000000
-0.525731 0.000000 -0.850651 -0.525731 0.000000 -0.850651 100.000000
-0.702046 -0.160622 -0.693780 -0.702046 -0.160622 -0.693780 0.000000
0.000000 0.273267 -0.961938 0.000000 0.273267 -0.961938 100.000000
-0.262866 0.162460 -0.951057 -0.262866 0.162460 -0.951057 100.000000
-0.259892 -0.433889 -0.862668 -0.259892 -0.433889 -0.862668 0.000000
-0.262866 -0.162460 -0.951057 -0.262866 -0.162460 -0.951057 0.000000
0.000000 -0.273267 -0.961938 0.000000 -0.273267 -0.961938 0.000000
0.425325 0.587785 -0.688191 0.425325 0.587785 -0.688191 100.000000
0.259892 0.433889 -0.862668 0.259892 0.433889 -0.862668 100.000000
0.693780 0.702046 -0.160622 0.693780 0.702046 -0.160622 100.000000
0.587785 0.688191 -0.425325 0.587785 0.688191 -0.425325 100.000000
0.702046 0.160622 -0.693780 0.702046 0.160622 -0.693780 100.000000
0.688191 0.425325 -0.587785 0.688191 0.425325 -0.587785 100.000000
0.862668 0.259892 -0.433889 0.862668 0.259892 -0.433889 100.000000
0.693780 -0.702046 0.160622 0.693780 -0.702046 0.160622 0.000000
0.587785 -0.688191 0.425325 0.587785 -0.688191 0.425325 0.000000
0.433889 -0.862668 0.259892 0.433889 -0.862668 0.259892 0.000000
0.702046 -0.160622 0.693780 0.702046 -0.160622 0.693780 0.000000
0.688191 -0.425325 0.587785 0.688191 -0.425325 0.587785 0.000000
0.862668 -0.259892 0.433889 0.862668 -0.259892 0.433889 0.000000
0.160622 -0.693780 0.702046 0.160622 -0.693780 0.702046 0.000000
0.425325 -0.587785 0.688191 0.425325 -0.587785 0.688191 0.000000
0.259892 -0.433889 0.862668 0.259892 -0.433889 0.862668 0.000000
0.162460 -0.951057 0.262866 0.162460 -0.951057 0.262866 0.000000
0.273267 -0.961938 0.000000 0.273267 -0.961938 0.000000 0.000000
-0.160622 -0.693780 0.702046 -0.160622 -0.693780 0.702046 0.000000
0.000000 -0.850651 0.525731 0.000000 -0.850651 0.525731 0.000000
-0.273267 -0.961938 0.000000 -0.273267 -0.961938 0.000000 0.000000
-0.162460 -0.951057 0.262866 -0.162460 -0.951057 0.262866 0.000000
-0.433889 -0.862668 0.259892 -0.433889 -0.862668 0.259892 0.000000
0.162460 -0.951057 -0.262866 0.162460 -0.951057 -0.262866 0.000000
0.433889 -0.862668 -0.259892 0.433889 -0.862668 -0.259892 0.000000
-0.433889 -0.862668 -0.259892 -0.433889 -0.862668 -0.259892 0.000000
-0.162460 -0.951057 -0.262866 -0.162460 -0.951057 -0.262866 0.000000
0.160622 -0.693780 -0.702046 0.160622 -0.693780 -0.702046 0.000000
0.000000 -0.850651 -0.525731 0.000000 -0.850651 -0.525731 0.000000
-0.160622 -0.693780 -0.702046 -0.160622 -0.693780 -0.702046 0.000000
0.587785 -0.688191 -0.425325 0.587785 -0.688191 -0.425325 0.000000
0.693780 -0.702046 -0.160622 0.693780 -0.702046 -0.160622 0.000000
0.259892 -0.433889 -0.862668 0.259892 -0.433889 -0.862668 0.000000
0.425325 -0.587785 -0.688191 0.425325 -0.587785 -0.688191 0.000000
0.862668 -0.259892 -0.433889 0.862668 -0.259892 -0.433889 0.000000
0.688191 -0.425325 -0.587785 0.688191 -0.425325 -0.587785 0.000000
0.702046 -0.160622 -0.693780 0.702046 -0.160622 -0.693780 0.000000
0.850651 -0.525731 0.000000 0.850651 -0.525731 0.000000 0.000000
0.961938 0.000000 -0.273267 0.961938 0.000000 -0.273267 100.000000
0.951057 -0.262866 -0.162460 0.951057 -0.262866 -0.162460 0.000000
0.951057 -0.262866 0.162460 0.951057 -0.262866 0.162460 0.000000
0.961938 0.000000 0.273267 0.961938 0.000000 0.273267 100.000000
0.262866 -0.162460 0.951057 0.262866 -0.162460 0.951057 0.000000
0.525731 0.000000 0.850651 0.525731 0.000000 0.850651 100.000000
0.262866 0.162460 0.951057 0.262866 0.162460 0.951057 100.000000
-0.587785 -0.688191 0.425325 -0.587785 -0.688191 0.425325 0.000000
-0.425325 -0.587785 0.688191 -0.425325 -0.587785 0.688191 0.000000
-0.688191 -0.425325 0.587785 -0.688191 -0.425325 0.587785 0.000000
-0.425325 -0.587785 -0.688191 -0.425325 -0.587785 -0.688191 0.000000
-0.587785 -0.688191 -0.425325 -0.587785 -0.688191 -0.425325 0.000000
-0.688191 -0.425325 -0.587785 -0.688191 -0.425325 -0.587785 0.000000
0.525731 0.000000 -0.850651 0.525731 0.000000 -0.850651 100.000000
0.262866 -0.162460 -0.951057 0.262866 -0.162460 -0.951057 0.000000
0.262866 0.162460 -0.951057 0.262866 0.162460 -0.951057 100.000000
0.951057 0.262866 0.162460 0.951057 0.262866 0.162460 100.000000
0.951057 0.262866 -0.162460 0.951057 0.262866 -0.162460 100.000000
0.850651 0.525731 0.000000 0.850651 0.525731 0.000000 100.000000
-0.615642 0.783843 0.081086 -0.615642 0.783843 0.081086 100.000000
-0.571252 0.792649 0.213023 -0.571252 0.792649 0.213023 100.000000
-0.484442 0.864929 0.131200 -0.484442 0.864929 0.131200 100.000000
-0.707107 0.601501 0.371748 -0.707107 0.601501 0.371748 100.000000
-0.647412 0.702310 0.296005 -0.647412 0.702310 0.296005 100.000000
-0.758652 0.606825 0.237086 -0.758652 0.606825 0.237086 100.000000
-0.375039 0.843911 0.383614 -0.375039 0.843911 0.383614 100.000000
-0.516122 0.783452 0.346153 -0.516122 0.783452 0.346153 100.000000
-0.453990 0.757935 0.468430 -0.453990 0.757935 0.468430 100.000000
-0.783843 0.081086 0.615642 -0.783843 0.081086 0.615642 100.000000
-0.792649 0.213023 0.571252 -0.792649 0.213023 0.571252 100.000000
-0.864929 0.131200 0.484442 -0.864929 0.131200 0.484442 100.000000
-0.601501 0.371748 0.707107 -0.601501 0.371748 0.707107 100.000000
-0.702310 0.296005 0.647412 -0.702310 0.296005 0.647412 100.000000
-0.606825 0.237086 0.758652 -0.606825 0.237086 0.758652 100.000000
-0.843911 0.383614 0.375039 -0.843911 0.383614 0.375039 100.000000
-0.783452 0.346153 0.516122 -0.783452 0.346153 0.516122 100.000000
-0.757935 0.468430 0.453990 -0.757935 0.468430 0.453990 100.000000
-0.081086 0.615642 0.783843 -0.081086 0.615642 0.783843 100.000000
-0.213023 0.571252 0.792649 -0.213023 0.571252 0.792649 100.000000
-0.131200 0.484442 0.864929 -0.131200 0.484442 0.864929 100.000000
-0.371748 0.707107 0.601501 -0.371748 0.707107 0.601501 100.000000
-0.296005 0.647412 0.702310 -0.296005 0.647412 0.702310 100.000000
-0.237086 0.758652 0.606825 -0.237086 0.758652 0.606825 100.000000
-0.383614 0.375039 0.843911 -0.383614 0.375039 0.843911 100.000000
-0.346153 0.516122 0.783452 -0.346153 0.516122 0.783452 100.000000
-0.468430 0.453990 0.757935 -0.468430 0.453990 0.757935 100.000000
-0.646578 0.564254 0.513375 -0.646578 0.564254 0.513375 100.000000
-0.564254 0.513375 0.646578 -0.564254 0.513375 0.646578 100.000000
-0.513375 0.646578 0.564254 -0.513375 0.646578 0.564254 100.000000
-0.358229 0.924305 0.131655 -0.358229 0.924305 0.131655 100.000000
-0.403355 0.915043 0.000000 -0.403355 0.915043 0.000000 100.000000
-0.238677 0.891007 0.386187 -0.238677 0.891007 0.386187 100.000000
-0.301259 0.916244 0.264083 -0.301259 0.916244 0.264083 100.000000
-0.137952 0.990439 0.000000 -0.137952 0.990439 0.000000 100.000000
-0.220117 0.966393 0.132792 -0.220117 0.966393 0.132792 100.000000
-0.082242 0.987688 0.133071 -0.082242 0.987688 0.133071 100.000000
0.081086 0.615642 0.783843 0.081086 0.615642 0.783843 100.000000
0.000000 0.702907 0.711282 0.000000 0.702907 0.711282 100.000000
0.156434 0.840178 0.519258 0.156434 0.840178 0.519258 100.000000
0.081142 0.780204 0.620240 0.081142 0.780204 0.620240 100.000000
0.237086 0.758652 0.606825 0.237086 0.758652 0.606825 100.000000
-0.081142 0.780204 0.620240 -0.081142 0.780204 0.620240 100.000000
-0.156434 0.840178 0.519258 -0.156434 0.840178 0.519258 100.000000
0.403355 0.915043 0.000000 0.403355 0.915043 0.000000 100.000000
0.358229 0.924305 0.131655 0.358229 0.924305 0.131655 100.000000
0.484442 0.864929 0.131200 0.484442 0.864929 0.131200 100.000000
0.082242 0.987688 0.133071 0.082242 0.987688 0.133071 100.000000
0.220117 0.966393 0.132792 0.220117 0.966393 0.132792 100.000000
0.137952 0.990439 0.000000 0.137952 0.990439 0.000000 100.000000
0.375039 0.843911 0.383614 0.375039 0.843911 0.383614 100.000000
0.301259 0.916244 0.264083 0.301259 0.916244 0.264083 100.000000
0.238677 0.891007 0.386187 0.238677 0.891007 0.386187 100.000000
-0.082324 0.912982 0.399607 -0.082324 0.912982 0.399607 100.000000
0.082324 0.912982 0.399607 0.082324 0.912982 0.399607 100.000000
0.000000 0.963861 0.266405 0.000000 0.963861 0.266405 100.000000
-0.358229 0.924305 -0.131655 -0.358229 0.924305 -0.131655 100.000000
-0.484442 0.864929 -0.131200 -0.484442 0.864929 -0.131200 100.000000
-0.082242 0.987688 -0.133071 -0.082242 0.987688 -0.133071 100.000000
-0.220117 0.966393 -0.132792 -0.220117 0.966393 -0.132792 100.000000
-0.375039 0.843911 -0.383614 -0.375039 0.843911 -0.383614 100.000000
-0.301259 0.916244 -0.264083 -0.301259 0.916244 -0.264083 100.000000
-0.238677 0.891007 -0.386187 -0.238677 0.891007 -0.386187 100.000000
0.484442 0.864929 -0.131200 0.484442 0.864929 -0.131200 100.000000
0.358229 0.924305 -0.131655 0.358229 0.924305 -0.131655 100.000000
0.238677 0.891007 -0.386187 0.238677 0.891007 -0.386187 100.000000
0.301259 0.916244 -0.264083 0.301259 0.916244 -0.264083 100.000000
0.375039 0.843911 -0.383614 0.375039 0.843911 -0.383614 100.000000
0.220117 0.966393 -0.132792 0.220117 0.966393 -0.132792 100.000000
0.082242 0.987688 -0.133071 0.082242 0.987688 -0.133071 100.000000
-0.081086 0.615642 -0.783843 -0.081086 0.615642 -0.783843 100.000000
0.000000 0.702907 -0.711282 0.000000 0.702907 -0.711282 100.000000
0.081086 0.615642 -0.783843 0.081086 0.615642 -0.783843 100.000000
-0.156434 0.840178 -0.519258 -0.156434 0.840178 -0.519258 100.000000
-0.081142 0.780204 -0.620240 -0.081142 0.780204 -0.620240 100.000000
-0.237086 0.758652 -0.606825 -0.237086 0.758652 -0.606825 100.000000
0.237086 0.758652 -0.606825 0.237086 0.758652 -0.606825 100.000000
0.081142 0.780204 -0.620240 0.081142 0.780204 -0.620240 100.000000
0.156434 0.840178 -0.519258 0.156434 0.840178 -0.519258 100.000000
0.000000 0.963861 -0.266405 0.000000 0.963861 -0.266405 100.000000
0.082324 0.912982 -0.399607 0.082324 0.912982 -0.399607 100.000000
-0.082324 0.912982 -0.399607 -0.082324 0.912982 -0.399607 100.000000
-0.571252 0.792649 -0.213023 -0.571252 0.792649 -0.213023 100.000000
-0.615642 0.783843 -0.081086 -0.615642 0.783843 -0.081086 100.000000
-0.453990 0.757935 -0.468430 -0.453990 0.757935 -0.468430 100.000000
-0.516122 0.783452 -0.346153 -0.516122 0.783452 -0.346153 100.000000
-0.758652 0.606825 -0.237086 -0.758652 0.606825 -0.237086 100.000000
-0.647412 0.702310 -0.296005 -0.647412 0.702310 -0.296005 100.000000
-0.707107 0.601501 -0.371748 -0.707107 0.601501 -0.371748 100.000000
-0.131200 0.484442 -0.864929 -0.131200 0.484442 -0.864929 100.000000
-0.213023 0.571252 -0.792649 -0.213023 0.571252 -0.792649 100.000000
-0.468430 0.453990 -0.757935 -0.468430 0.453990 -0.757935 100.000000
-0.346153 0.516122 -0.783452 -0.346153 0.516122 -0.783452 100.000000
-0.383614 0.375039 -0.843911 -0.383614 0.375039 -0.843911 100.000000
-0.296005 0.647412 -0.702310 -0.296005 0.647412 -0.702310 100.000000
-0.371748 0.707107 -0.601501 -0.371748 0.707107 -0.601501 100.000000
-0.864929 0.131200 -0.484442 -0.864929 0.131200 -0.484442 100.000000
-0.792649 0.213023 -0.571252 -0.792649 0.213023 -0.571252 100.000000
-0.783843 0.081086 -0.615642 -0.783843 0.081086 -0.615642 100.000000
-0.757935 0.468430 -0.453990 -0.757935 0.468430 -0.453990 100.000000
-0.783452 0.346153 -0.516122 -0.783452 0.346153 -0.516122 100.000000
-0.843911 0.383614 -0.375039 -0.843911 0.383614 -0.375039 100.000000
-0.606825 0.237086 -0.758652 -0.606825 0.237086 -0.758652 100.000000
-0.702310 0.296005 -0.647412 -0.702310 0.296005 -0.647412 100.000000
-0.601501 0.371748 -0.707107 -0.601501 0.371748 -0.707107 100.000000
-0.513375 0.646578 -0.564254 -0.513375 0.646578 -0.564254 100.000000
-0.564254 0.513375 -0.646578 -0.564254 0.513375 -0.646578 100.000000
-0.646578 0.564254 -0.513375 -0.646578 0.564254 -0.513375 100.000000
-0.702907 0.711282 0.000000 -0.702907 0.711282 0.000000 100.000000
-0.840178 0.519258 -0.156434 -0.840178 0.519258 -0.156434 100.000000
-0.780204 0.620240 -0.081142 -0.780204 0.620240 -0.081142 100.000000
-0.780204 0.620240 0.081142 -0.780204 0.620240 0.081142 100.000000
-0.840178 0.519258 0.156434 -0.840178 0.519258 0.156434 100.000000
-0.915043 0.000000 -0.403355 -0.915043 0.000000 -0.403355 100.000000
-0.924305 0.131655 -0.358229 -0.924305 0.131655 -0.358229 100.000000
-0.987688 0.133071 -0.082242 -0.987688 0.133071 -0.082242 100.000000
-0.966393 0.132792 -0.220117 -0.966393 0.132792 -0.220117 100.000000
-0.990439 0.000000 -0.137952 -0.990439 0.000000 -0.137952 100.000000
-0.916244 0.264083 -0.301259 -0.916244 0.264083 -0.301259 100.000000
-0.891007 0.386187 -0.238677 -0.891007 0.386187 -0.238677 100.000000
-0.924305 0.131655 0.358229 -0.924305 0.131655 0.358229 100.000000
-0.915043 0.000000 0.403355 -0.915043 0.000000 0.403355 100.000000
-0.891007 0.386187 0.238677 -0.891007 0.386187 0.238677 100.000000
-0.916244 0.264083 0.301259 -0.916244 0.264083 0.301259 100.000000
-0.990439 0.000000 0.137952 -0.990439 0.000000 0.137952 100.000000
-0.966393 0.132792 0.220117 -0.966393 0.132792 0.220117 100.000000
-0.987688 0.133071 0.082242 -0.987688 0.133071 0.082242 100.000000
-0.912982 0.399607 -0.082324 -0.912982 0.399607 -0.082324 100.000000
-0.963861 0.266405 0.000000 -0.963861 0.266405 0.000000 100.000000
-0.912982 0.399607 0.082324 -0.912982 0.399607 0.082324 100.000000
0.571252 0.792649 0.213023 0.571252 0.792649 0.213023 100.000000
0.615642 0.783843 0.081086 0.615642 0.783843 0.081086 100.000000
0.453990 0.757935 0.468430 0.453990 0.757935 0.468430 100.000000
0.516122 0.783452 0.346153 0.516122 0.783452 0.346153 100.000000
0.758652 0.606825 0.237086 0.758652 0.606825 0.237086 100.000000
0.647412 0.702310 0.296005 0.647412 0.702310 0.296005 100.000000
0.707107 0.601501 0.371748 0.707107 0.601501 0.371748 100.000000
0.131200 0.484442 0.864929 0.131200 0.484442 0.864929 100.000000
0.213023 0.571252 0.792649 0.213023 0.571252 0.792649 100.000000
0.468430 0.453990 0.757935 0.468430 0.453990 0.757935 100.000000
0.346153 0.516122 0.783452 0.346153 0.516122 0.783452 100.000000
0.383614 0.375039 0.843911 0.383614 0.375039 0.843911 100.000000
0.296005 0.647412 0.702310 0.296005 0.647412 0.702310 100.000000
0.371748 0.707107 0.601501 0.371748 0.707107 0.601501 100.000000
0.864929 0.131200 0.484442 0.864929 0.131200 0.484442 100.000000
0.792649 0.213023 0.571252 0.792649 0.213023 0.571252 100.000000
0.783843 0.081086 0.615642 0.783843 0.081086 0.615642 100.000000
0.757935 0.468430 0.453990 0.757935 0.468430 0.453990 100.000000
0.783452 0.346153 0.516122 0.783452 0.346153 0.516122 100.000000
0.843911 0.383614 0.375039 0.843911 0.383614 0.375039 100.000000
0.606825 0.237086 0.758652 0.606825 0.237086 0.758652 100.000000
0.702310 0.296005 0.647412 0.702310 0.296005 0.647412 100.000000
0.601501 0.371748 0.707107 0.601501 0.371748 0.707107 100.000000
0.513375 0.646578 0.564254 0.513375 0.646578 0.564254 100.000000
0.564254 0.513375 0.646578 0.564254 0.513375 0.646578 100.000000
0.646578 0.564254 0.513375 0.646578 0.564254 0.513375 100.000000
-0.131655 0.358229 0.924305 -0.131655 0.358229 0.924305 100.000000
0.000000 0.403355 0.915043 0.000000 0.403355 0.915043 100.000000
-0.386187 0.238677 0.891007 -0.386187 0.238677 0.891007 100.000000
-0.264083 0.301259 0.916244 -0.264083 0.301259 0.916244 100.000000
0.000000 0.137952 0.990439 0.000000 0.137952 0.990439 100.000000
-0.132792 0.220117 0.966393 -0.132792 0.220117 0.966393 100.000000
-0.133071 0.082242 0.987688 -0.133071 0.082242 0.987688 100.000000
-0.783843 -0.081086 0.615642 -0.783843 -0.081086 0.615642 0.000000
-0.711282 0.000000 0.702907 -0.711282 0.000000 0.702907 100.000000
-0.519258 -0.156434 0.840178 -0.519258 -0.156434 0.840178 0.000000
-0.620240 -0.081142 0.780204 -0.620240 -0.081142 0.780204 0.000000
-0.606825 -0.237086 0.758652 -0.606825 -0.237086 0.758652 0.000000
-0.620240 0.081142 0.780204 -0.620240 0.081142 0.780204 100.000000
-0.519258 0.156434 0.840178 -0.519258 0.156434 0.840178 100.000000
0.000000 -0.403355 0.915043 0.000000 -0.403355 0.915043 0.000000
-0.131655 -0.358229 0.924305 -0.131655 -0.358229 0.924305 0.000000
-0.131200 -0.484442 0.864929 -0.131200 -0.484442 0.864929 0.000000
-0.133071 -0.082242 0.987688 -0.133071 -0.082242 0.987688 0.000000
-0.132792 -0.220117 0.966393 -0.132792 -0.220117 0.966393 0.000000
0.000000 -0.137952 0.990439 0.000000 -0.137952 0.990439 0.000000
-0.383614 -0.375039 0.843911 -0.383614 -0.375039 0.843911 0.000000
-0.264083 -0.301259 0.916244 -0.264083 -0.301259 0.916244 0.000000
-0.386187 -0.238677 0.891007 -0.386187 -0.238677 0.891007 0.000000
-0.399607 0.082324 0.912982 -0.399607 0.082324 0.912982 100.000000
-0.399607 -0.082324 0.912982 -0.399607 -0.082324 0.912982 0.000000
-0.266405 0.000000 0.963861 -0.266405 0.000000 0.963861 100.000000
-0.924305 -0.131655 0.358229 -0.924305 -0.131655 0.358229 0.000000
-0.864929 -0.131200 0.484442 -0.864929 -0.131200 0.484442 0.000000
-0.987688 -0.133071 0.082242 -0.987688 -0.133071 0.082242 0.000000
-0.966393 -0.132792 0.220117 -0.966393 -0.132792 0.220117 0.000000
-0.843911 -0.383614 0.375039 -0.843911 -0.383614 0.375039 0.000000
-0.916244 -0.264083 0.301259 -0.916244 -0.264083 0.301259 0.000000
-0.891007 -0.386187 0.238677 -0.891007 -0.386187 0.238677 0.000000
-0.864929 -0.131200 -0.484442 -0.864929 -0.131200 -0.484442 0.000000
-0.924305 -0.131655 -0.358229 -0.924305 -0.131655 -0.358229 0.000000
-0.891007 -0.386187 -0.238677 -0.891007 -0.386187 -0.238677 0.000000
-0.916244 -0.264083 -0.301259 -0.916244 -0.264083 -0.301259 0.000000
-0.843911 -0.383614 -0.375039 -0.843911 -0.383614 -0.375039 0.000000
-0.966393 -0.132792 -0.220117 -0.966393 -0.132792 -0.220117 0.000000
-0.987688 -0.133071 -0.082242 -0.987688 -0.133071 -0.082242 0.000000
-0.615642 -0.783843 0.081086 -0.615642 -0.783843 0.081086 0.000000
-0.702907 -0.711282 0.000000 -0.702907 -0.711282 0.000000 0.000000
-0.615642 -0.783843 -0.081086 -0.615642 -0.783843 -0.081086 0.000000
-0.840178 -0.519258 0.156434 -0.840178 -0.519258 0.156434 0.000000
-0.780204 -0.620240 0.081142 -0.780204 -0.620240 0.081142 0.000000
-0.758652 -0.606825 0.237086 -0.758652 -0.606825 0.237086 0.000000
-0.758652 -0.606825 -0.237086 -0.758652 -0.606825 -0.237086 0.000000
-0.780204 -0.620240 -0.081142 -0.780204 -0.620240 -0.081142 0.000000
-0.840178 -0.519258 -0.156434 -0.840178 -0.519258 -0.156434 0.000000
-0.963861 -0.266405 0.000000 -0.963861 -0.266405 0.000000 0.000000
-0.912982 -0.399607 -0.082324 -0.912982 -0.399607 -0.082324 0.000000
-0.912982 -0.399607 0.082324 -0.912982 -0.399607 0.082324 0.000000
-0.711282 0.000000 -0.702907 -0.711282 0.000000 -0.702907 100.000000
-0.783843 -0.081086 -0.615642 -0.783843 -0.081086 -0.615642 0.000000
-0.519258 0.156434 -0.840178 -0.519258 0.156434 -0.840178 100.000000
-0.620240 0.081142 -0.780204 -0.620240 0.081142 -0.780204 100.000000
-0.606825 -0.237086 -0.758652 -0.606825 -0.237086 -0.758652 0.000000
-0.620240 -0.081142 -0.780204 -0.620240 -0.081142 -0.780204 0.000000
-0.519258 -0.156434 -0.840178 -0.519258 -0.156434 -0.840178 0.000000
0.000000 0.403355 -0.915043 0.000000 0.403355 -0.915043 100.000000
-0.131655 0.358229 -0.924305 -0.131655 0.358229 -0.924305 100.000000
-0.133071 0.082242 -0.987688 -0.133071 0.082242 -0.987688 100.000000
-0.132792 0.220117 -0.966393 -0.132792 0.220117 -0.966393 100.000000
0.000000 0.137952 -0.990439 0.000000 0.137952 -0.990439 100.000000
-0.264083 0.301259 -0.916244 -0.264083 0.301259 -0.916244 100.000000
-0.386187 0.238677 -0.891007 -0.386187 0.238677 -0.891007 100.000000
-0.131200 -0.484442 -0.864929 -0.131200 -0.484442 -0.864929 0.000000
-0.131655 -0.358229 -0.924305 -0.131655 -0.358229 -0.924305 0.000000
0.000000 -0.403355 -0.915043 0.000000 -0.403355 -0.915043 0.000000
-0.386187 -0.238677 -0.891007 -0.386187 -0.238677 -0.891007 0.000000
-0.264083 -0.301259 -0.916244 -0.264083 -0.301259 -0.916244 0.000000
-0.383614 -0.375039 -0.843911 -0.383614 -0.375039 -0.843911 0.000000
0.000000 -0.137952 -0.990439 0.000000 -0.137952 -0.990439 0.000000
-0.132792 -0.220117 -0.966393 -0.132792 -0.220117 -0.966393 0.000000
-0.133071 -0.082242 -0.987688 -0.133071 -0.082242 -0.987688 0.000000
-0.399607 0.082324 -0.912982 -0.399607 0.082324 -0.912982 100.000000
-0.266405 0.000000 -0.963861 -0.266405 0.000000 -0.963861 100.000000
-0.399607 -0.082324 -0.912982 -0.399607 -0.082324 -0.912982 0.000000
0.213023 0.571252 -0.792649 0.213023 0.571252 -0.792649 100.000000
0.131200 0.484442 -0.864929 0.131200 0.484442 -0.864929 100.000000
0.371748 0.707107 -0.601501 0.371748 0.707107 -0.601501 100.000000
0.296005 0.647412 -0.702310 0.296005 0.647412 -0.702310 100.000000
0.383614 0.375039 -0.843911 0.383614 0.375039 -0.843911 100.000000
0.346153 0.516122 -0.783452 0.346153 0.516122 -0.783452 100.000000
0.468430 0.453990 -0.757935 0.468430 0.453990 -0.757935 100.000000
0.615642 0.783843 -0.081086 0.615642 0.783843 -0.081086 100.000000
0.571252 0.792649 -0.213023 0.571252 0.792649 -0.213023 100.000000
0.707107 0.601501 -0.371748 0.707107 0.601501 -0.371748 100.000000
0.647412 0.702310 -0.296005 0.647412 0.702310 -0.296005 100.000000
0.758652 0.606825 -0.237086 0.758652 0.606825 -0.237086 100.000000
0.516122 0.783452 -0.346153 0.516122 0.783452 -0.346153 100.000000
0.453990 0.757935 -0.468430 0.453990 0.757935 -0.468430 100.000000
0.783843 0.081086 -0.615642 0.783843 0.081086 -0.615642 100.000000
0.792649 0.213023 -0.571252 0.792649 0.213023 -0.571252 100.000000
0.864929 0.131200 -0.484442 0.864929 0.131200 -0.484442 100.000000
0.601501 0.371748 -0.707107 0.601501 0.371748 -0.707107 100.000000
0.702310 0.296005 -0.647412 0.702310 0.296005 -0.647412 100.000000
0.606825 0.237086 -0.758652 0.606825 0.237086 -0.758652 100.000000
0.843911 0.383614 -0.375039 0.843911 0.383614 -0.375039 100.000000
0.783452 0.346153 -0.516122 0.783452 0.346153 -0.516122 100.000000
0.757935 0.468430 -0.453990 0.757935 0.468430 -0.453990 100.000000
0.513375 0.646578 -0.564254 0.513375 0.646578 -0.564254 100.000000
0.646578 0.564254 -0.513375 0.646578 0.564254 -0.513375 100.000000
0.564254 0.513375 -0.646578 0.564254 0.513375 -0.646578 100.000000
0.615642 -0.783843 0.081086 0.615642 -0.783843 0.081086 0.000000
0.571252 -0.792649 0.213023 0.571252 -0.792649 0.213023 0.000000
0.484442 -0.864929 0.131200 0.484442 -0.864929 0.131200 0.000000
0.707107 -0.601501 0.371748 0.707107 -0.601501 0.371748 0.000000
0.647412 -0.702310 0.296005 0.647412 -0.702310 0.296005 0.000000
0.758652 -0.606825 0.237086 0.758652 -0.606825 0.237086 0.000000
0.375039 -0.843911 0.383614 0.375039 -0.843911 0.383614 0.000000
0.516122 -0.783452 0.346153 0.516122 -0.783452 0.346153 0.000000
0.453990 -0.757935 0.468430 0.453990 -0.757935 0.468430 0.000000
0.783843 -0.081086 0.615642 0.783843 -0.081086 0.615642 0.000000
0.792649 -0.213023 0.571252 0.792649 -0.213023 0.571252 0.000000
0.864929 -0.131200 0.484442 0.864929 -0.131200 0.484442 0.000000
0.601501 -0.371748 0.707107 0.601501 -0.371748 0.707107 0.000000
0.702310 -0.296005 0.647412 0.702310 -0.296005 0.647412 0.000000
0.606825 -0.237086 0.758652 0.606825 -0.237086 0.758652 0.000000
0.843911 -0.383614 0.375039 0.843911 -0.383614 0.375039 0.000000
0.783452 -0.346153 0.516122 0.783452 -0.346153 0.516122 0.000000
0.757935 -0.468430 0.453990 0.757935 -0.468430 0.453990 0.000000
0.081086 -0.615642 0.783843 0.081086 -0.615642 0.783843 0.000000
0.213023 -0.571252 0.792649 0.213023 -0.571252 0.792649 0.000000
0.131200 -0.484442 0.864929 0.131200 -0.484442 0.864929 0.000000
0.371748 -0.707107 0.601501 0.371748 -0.707107 0.601501 0.000000
0.296005 -0.647412 0.702310 0.296005 -0.647412 0.702310 0.000000
0.237086 -0.758652 0.606825 0.237086 -0.758652 0.606825 0.000000
0.383614 -0.375039 0.843911 0.383614 -0.375039 0.843911 0.000000
0.346153 -0.516122 0.783452 0.346153 -0.516122 0.783452 0.000000
0.468430 -0.453990 0.757935 0.468430 -0.453990 0.757935 0.000000
0.646578 -0.564254 0.513375 0.646578 -0.564254 0.513375 0.000000
0.564254 -0.513375 0.646578 0.564254 -0.513375 0.646578 0.000000
0.513375 -0.646578 0.564254 0.513375 -0.646578 0.564254 0.000000
0.358229 -0.924305 0.131655 0.358229 -0.924305 0.131655 0.000000
0.403355 -0.915043 0.000000 0.403355 -0.915043 0.000000 0.000000
0.238677 -0.891007 0.386187 0.238677 -0.891007 0.386187 0.000000
0.301259 -0.916244 0.264083 0.301259 -0.916244 0.264083 0.000000
0.137952 -0.990439 0.000000 0.137952 -0.990439 0.000000 0.000000
0.220117 -0.966393 0.132792 0.220117 -0.966393 0.132792 0.000000
0.082242 -0.987688 0.133071 0.082242 -0.987688 0.133071 0.000000
-0.081086 -0.615642 0.783843 -0.081086 -0.615642 0.783843 0.000000
0.000000 -0.702907 0.711282 0.000000 -0.702907 0.711282 0.000000
-0.156434 -0.840178 0.519258 -0.156434 -0.840178 0.519258 0.000000
-0.081142 -0.780204 0.620240 -0.081142 -0.780204 0.620240 0.000000
-0.237086 -0.758652 0.606825 -0.237086 -0.758652 0.606825 0.000000
0.081142 -0.780204 0.620240 0.081142 -0.780204 0.620240 0.000000
0.156434 -0.840178 0.519258 0.156434 -0.840178 0.519258 0.000000
-0.403355 -0.915043 0.000000 -0.403355 -0.915043 0.000000 0.000000
-0.358229 -0.924305 0.131655 -0.358229 -0.924305 0.131655 0.000000
-0.484442 -0.864929 0.131200 -0.484442 -0.864929 0.131200 0.000000
-0.082242 -0.987688 0.133071 -0.082242 -0.987688 0.133071 0.000000
-0.220117 -0.966393 0.132792 -0.220117 -0.966393 0.132792 0.000000
-0.137952 -0.990439 0.000000 -0.137952 -0.990439 0.000000 0.000000
-0.375039 -0.843911 0.383614 -0.375039 -0.843911 0.383614 0.000000
-0.301259 -0.916244 0.264083 -0.301259 -0.916244 0.264083 0.000000
-0.238677 -0.891007 0.386187 -0.238677 -0.891007 0.386187 0.000000
0.082324 -0.912982 0.399607 0.082324 -0.912982 0.399607 0.000000
-0.082324 -0.912982 0.399607 -0.082324 -0.912982 0.399607 0.000000
0.000000 -0.963861 0.266405 0.000000 -0.963861 0.266405 0.000000
0.358229 -0.924305 -0.131655 0.358229 -0.924305 -0.131655 0.000000
0.484442 -0.864929 -0.131200 0.484442 -0.864929 -0.131200 0.000000
0.082242 -0.987688 -0.133071 0.082242 -0.987688 -0.133071 0.000000
0.220117 -0.966393 -0.132792 0.220117 -0.966393 -0.132792 0.000000
0.375039 -0.843911 -0.383614 0.375039 -0.843911 -0.383614 0.000000
0.301259 -0.916244 -0.264083 0.301259 -0.916244 -0.264083 0.000000
0.238677 -0.891007 -0.386187 0.238677 -0.891007 -0.386187 0.000000
-0.484442 -0.864929 -0.131200 -0.484442 -0.864929 -0.131200 0.000000
-0.358229 -0.924305 -0.131655 -0.358229 -0.924305 -0.131655 0.000000
-0.238677 -0.891007 -0.386187 -0.238677 -0.891007 -0.386187 0.000000
-0.301259 -0.916244 -0.264083 -0.301259 -0.916244 -0.264083 0.000000
-0.375039 -0.843911 -0.383614 -0.375039 -0.843911 -0.383614 0.000000
-0.220117 -0.966393 -0.132792 -0.220117 -0.966393 -0.132792 0.000000
-0.082242 -0.987688 -0.133071 -0.082242 -0.987688 -0.133071 0.000000
0.081086 -0.615642 -0.783843 0.081086 -0.615642 -0.783843 0.000000
0.000000 -0.702907 -0.711282 0.000000 -0.702907 -0.711282 0.000000
-0.081086 -0.615642 -0.783843 -0.081086 -0.615642 -0.783843 0.000000
0.156434 -0.840178 -0.519258 0.156434 -0.840178 -0.519258 0.000000
0.081142 -0.780204 -0.620240 0.081142 -0.780204 -0.620240 0.000000
0.237086 -0.758652 -0.606825 0.237086 -0.758652 -0.606825 0.000000
-0.237086 -0.758652 -0.606825 -0.237086 -0.758652 -0.606825 0.000000
-0.081142 -0.780204 -0.620240 -0.081142 -0.780204 -0.620240 0.000000
-0.156434 -0.840178 -0.519258 -0.156434 -0.840178 -0.519258 0.000000
0.000000 -0.963861 -0.266405 0.000000 -0.963861 -0.266405 0.000000
-0.082324 -0.912982 -0.399607 -0.082324 -0.912982 -0.399607 0.000000
0.082324 -0.912982 -0.399607 0.082324 -0.912982 -0.399607 0.000000
0.571252 -0.792649 -0.213023 0.571252 -0.792649 -0.213023 0.000000
0.615642 -0.783843 -0.081086 0.615642 -0.783843 -0.081086 0.000000
0.453990 -0.757935 -0.468430 0.453990 -0.757935 -0.468430 0.000000
0.516122 -0.783452 -0.346153 0.516122 -0.783452 -0.346153 0.000000
0.758652 -0.606825 -0.237086 0.758652 -0.606825 -0.237086 0.000000
0.647412 -0.702310 -0.296005 0.647412 -0.702310 -0.296005 0.000000
0.707107 -0.601501 -0.371748 0.707107 -0.601501 -0.371748 0.000000
0.131200 -0.484442 -0.864929 0.131200 -0.484442 -0.864929 0.000000
0.213023 -0.571252 -0.792649 0.213023 -0.571252 -0.792649 0.000000
0.468430 -0.453990 -0.757935 0.468430 -0.453990 -0.757935 0.000000
0.346153 -0.516122 -0.783452 0.346153 -0.516122 -0.783452 0.000000
0.383614 -0.375039 -0.843911 0.383614 -0.375039 -0.843911 0.000000
0.296005 -0.647412 -0.702310 0.296005 -0.647412 -0.702310 0.000000
0.371748 -0.707107 -0.601501 0.371748 -0.707107 -0.601501 0.000000
0.864929 -0.131200 -0.484442 0.864929 -0.131200 -0.484442 0.000000
0.792649 -0.213023 -0.571252 0.792649 -0.213023 -0.571252 0.000000
0.783843 -0.081086 -0.615642 0.783843 -0.081086 -0.615642 0.000000
0.757935 -0.468430 -0.453990 0.757935 -0.468430 -0.453990 0.000000
0.783452 -0.346153 -0.516122 0.783452 -0.346153 -0.516122 0.000000
0.843911 -0.383614 -0.375039 0.843911 -0.383614 -0.375039 0.000000
0.606825 -0.237086 -0.758652 0.606825 -0.237086 -0.758652 0.000000
0.702310 -0.296005 -0.647412 0.702310 -0.296005 -0.647412 0.000000
0.601501 -0.371748 -0.707107 0.601501 -0.371748 -0.707107 0.000000
0.513375 -0.646578 -0.564254 0.513375 -0.646578 -0.564254 0.000000
0.564254 -0.513375 -0.646578 0.564254 -0.513375 -0.646578 0.000000
0.646578 -0.564254 -0.513375 0.646578 -0.564254 -0.513375 0.000000
0.702907 -0.711282 0.000000 0.702907 -0.711282 0.000000 0.000000
0.840178 -0.519258 -0.156434 0.840178 -0.519258 -0.156434 0.000000
0.780204 -0.620240 -0.081142 0.780204 -0.620240 -0.081142 0.000000
0.780204 -0.620240 0.081142 0.780204 -0.620240 0.081142 0.000000
0.840178 -0.519258 0.156434 0.840178 -0.519258 0.156434 0.000000
0.915043 0.000000 -0.403355 0.915043 0.000000 -0.403355 100.000000
0.924305 -0.131655 -0.358229 0.924305 -0.131655 -0.358229 0.000000
0.987688 -0.133071 -0.082242 0.987688 -0.133071 -0.082242 0.000000
0.966393 -0.132792 -0.220117 0.966393 -0.132792 -0.220117 0.000000
0.990439 0.000000 -0.137952 0.990439 0.000000 -0.137952 100.000000
0.916244 -0.264083 -0.301259 0.916244 -0.264083 -0.301259 0.000000
0.891007 -0.386187 -0.238677 0.891007 -0.386187 -0.238677 0.000000
0.924305 -0.131655 0.358229 0.924305 -0.131655 0.358229 0.000000
0.915043 0.000000 0.403355 0.915043 0.000000 0.403355 100.000000
0.891007 -0.386187 0.238677 0.891007 -0.386187 0.238677 0.000000
0.916244 -0.264083 0.301259 0.916244 -0.264083 0.301259 0.000000
0.990439 0.000000 0.137952 0.990439 0.000000 0.137952 100.000000
0.966393 -0.132792 0.220117 0.966393 -0.132792 0.220117 0.000000
0.987688 -0.133071 0.082242 0.987688 -0.133071 0.082242 0.000000
0.912982 -0.399607 -0.082324 0.912982 -0.399607 -0.082324 0.000000
0.963861 -0.266405 0.000000 0.963861 -0.266405 0.000000 0.000000
0.912982 -0.399607 0.082324 0.912982 -0.399607 0.082324 0.000000
0.131655 -0.358229 0.924305 0.131655 -0.358229 0.924305 0.000000
0.386187 -0.238677 0.891007 0.386187 -0.238677 0.891007 0.000000
0.264083 -0.301259 0.916244 0.264083 -0.301259 0.916244 0.000000
0.132792 -0.220117 0.966393 0.132792 -0.220117 0.966393 0.000000
0.133071 -0.082242 0.987688 0.133071 -0.082242 0.987688 0.000000
0.711282 0.000000 0.702907 0.711282 0.000000 0.702907 100.000000
0.519258 0.156434 0.840178 0.519258 0.156434 0.840178 100.000000
0.620240 0.081142 0.780204 0.620240 0.081142 0.780204 100.000000
0.620240 -0.081142 0.780204 0.620240 -0.081142 0.780204 0.000000
0.519258 -0.156434 0.840178 0.519258 -0.156434 0.840178 0.000000
0.131655 0.358229 0.924305 0.131655 0.358229 0.924305 100.000000
0.133071 0.082242 0.987688 0.133071 0.082242 0.987688 100.000000
0.132792 0.220117 0.966393 0.132792 0.220117 0.966393 100.000000
0.264083 0.301259 0.916244 0.264083 0.301259 0.916244 100.000000
0.386187 0.238677 0.891007 0.386187 0.238677 0.891007 100.000000
0.399607 -0.082324 0.912982 0.399607 -0.082324 0.912982 0.000000
0.399607 0.082324 0.912982 0.399607 0.082324 0.912982 100.000000
0.266405 0.000000 0.963861 0.266405 0.000000 0.963861 100.000000
-0.571252 -0.792649 0.213023 -0.571252 -0.792649 0.213023 0.000000
-0.453990 -0.757935 0.468430 -0.453990 -0.757935 0.468430 0.000000
-0.516122 -0.783452 0.346153 -0.516122 -0.783452 0.346153 0.000000
-0.647412 -0.702310 0.296005 -0.647412 -0.702310 0.296005 0.000000
-0.707107 -0.601501 0.371748 -0.707107 -0.601501 0.371748 0.000000
-0.213023 -0.571252 0.792649 -0.213023 -0.571252 0.792649 0.000000
-0.468430 -0.453990 0.757935 -0.468430 -0.453990 0.757935 0.000000
-0.346153 -0.516122 0.783452 -0.346153 -0.516122 0.783452 0.000000
-0.296005 -0.647412 0.702310 -0.296005 -0.647412 0.702310 0.000000
-0.371748 -0.707107 0.601501 -0.371748 -0.707107 0.601501 0.000000
-0.792649 -0.213023 0.571252 -0.792649 -0.213023 0.571252 0.000000
-0.757935 -0.468430 0.453990 -0.757935 -0.468430 0.453990 0.000000
-0.783452 -0.346153 0.516122 -0.783452 -0.346153 0.516122 0.000000
-0.702310 -0.296005 0.647412 -0.702310 -0.296005 0.647412 0.000000
-0.601501 -0.371748 0.707107 -0.601501 -0.371748 0.707107 0.000000
-0.513375 -0.646578 0.564254 -0.513375 -0.646578 0.564254 0.000000
-0.564254 -0.513375 0.646578 -0.564254 -0.513375 0.646578 0.000000
-0.646578 -0.564254 0.513375 -0.646578 -0.564254 0.513375 0.000000
-0.213023 -0.571252 -0.792649 -0.213023 -0.571252 -0.792649 0.000000
-0.371748 -0.707107 -0.601501 -0.371748 -0.707107 -0.601501 0.000000
-0.296005 -0.647412 -0.702310 -0.296005 -0.647412 -0.702310 0.000000
-0.346153 -0.516122 -0.783452 -0.346153 -0.516122 -0.783452 0.000000
-0.468430 -0.453990 -0.757935 -0.468430 -0.453990 -0.757935 0.000000
-0.571252 -0.792649 -0.213023 -0.571252 -0.792649 -0.213023 0.000000
-0.707107 -0.601501 -0.371748 -0.707107 -0.601501 -0.371748 0.000000
-0.647412 -0.702310 -0.296005 -0.647412 -0.702310 -0.296005 0.000000
-0.516122 -0.783452 -0.346153 -0.516122 -0.783452 -0.346153 0.000000
-0.453990 -0.757935 -0.468430 -0.453990 -0.757935 -0.468430 0.000000
-0.792649 -0.213023 -0.571252 -0.792649 -0.213023 -0.571252 0.000000
-0.601501 -0.371748 -0.707107 -0.601501 -0.371748 -0.707107 0.000000
-0.702310 -0.296005 -0.647412 -0.702310 -0.296005 -0.647412 0.000000
-0.783452 -0.346153 -0.516122 -0.783452 -0.346153 -0.516122 0.000000
-0.757935 -0.468430 -0.453990 -0.757935 -0.468430 -0.453990 0.000000
-0.513375 -0.646578 -0.564254 -0.513375 -0.646578 -0.564254 0.000000
-0.646578 -0.564254 -0.513375 -0.646578 -0.564254 -0.513375 0.000000
-0.564254 -0.513375 -0.646578 -0.564254 -0.513375 -0.646578 0.000000
0.711282 0.000000 -0.702907 0.711282 0.000000 -0.702907 100.000000
0.519258 -0.156434 -0.840178 0.519258 -0.156434 -0.840178 0.000000
0.620240 -0.081142 -0.780204 0.620240 -0.081142 -0.780204 0.000000
0.620240 0.081142 -0.780204 0.620240 0.081142 -0.780204 100.000000
0.519258 0.156434 -0.840178 0.519258 0.156434 -0.840178 100.000000
0.131655 -0.358229 -0.924305 0.131655 -0.358229 -0.924305 0.000000
0.133071 -0.082242 -0.987688 0.133071 -0.082242 -0.987688 0.000000
0.132792 -0.220117 -0.966393 0.132792 -0.220117 -0.966393 0.000000
0.264083 -0.301259 -0.916244 0.264083 -0.301259 -0.916244 0.000000
0.386187 -0.238677 -0.891007 0.386187 -0.238677 -0.891007 0.000000
0.131655 0.358229 -0.924305 0.131655 0.358229 -0.924305 100.000000
0.386187 0.238677 -0.891007 0.386187 0.238677 -0.891007 100.000000
0.264083 0.301259 -0.916244 0.264083 0.301259 -0.916244 100.000000
0.132792 0.220117 -0.966393 0.132792 0.220117 -0.966393 100.000000
0.133071 0.082242 -0.987688 0.133071 0.082242 -0.987688 100.000000
0.399607 -0.082324 -0.912982 0.399607 -0.082324 -0.912982 0.000000
0.266405 0.000000 -0.963861 0.266405 0.000000 -0.963861 100.000000
0.399607 0.082324 -0.912982 0.399607 0.082324 -0.912982 100.000000
0.924305 0.131655 0.358229 0.924305 0.131655 0.358229 100.000000
0.987688 0.133071 0.082242 0.987688 0.133071 0.082242 100.000000
0.966393 0.132792 0.220117 0.966393 0.132792 0.220117 100.000000
0.916244 0.264083 0.301259 0.916244 0.264083 0.301259 100.000000
0.891007 0.386187 0.238677 0.891007 0.386187 0.238677 100.000000
0.924305 0.131655 -0.358229 0.924305 0.131655 -0.358229 100.000000
0.891007 0.386187 -0.238677 0.891007 0.386187 -0.238677 100.000000
0.916244 0.264083 -0.301259 0.916244 0.264083 -0.301259 100.000000
0.966393 0.132792 -0.220117 0.966393 0.132792 -0.220117 100.000000
0.987688 0.133071 -0.082242 0.987688 0.133071 -0.082242 100.000000
0.702907 0.711282 0.000000 0.702907 0.711282 0.000000 100.000000
0.840178 0.519258 0.156434 0.840178 0.519258 0.156434 100.000000
0.780204 0.620240 0.081142 0.780204 0.620240 0.081142 100.000000
0.780204 0.620240 -0.081142 0.780204 0.620240 -0.081142 100.000000
0.840178 0.519258 -0.156434 0.840178 0.519258 -0.156434 100.000000
0.963861 0.266405 0.000000 0.963861 0.266405 0.000000 100.000000
0.912982 0.399607 -0.082324 0.912982 0.399607 -0.082324 100.000000
0.912982 0.399607 0.082324 0.912982 0.399607 0.082324 100.000000
