642
-0.525731 0.850651 0.000000 -0.525731 0.850651 0.000000 5.000000
0.525731 0.850651 0.000000 0.525731 0.850651 0.000000 5.000000
-0.525731 -0.850651 0.000000 -0.525731 -0.850651 0.000000 5.000000
0.525731 -0.850651 0.000000 0.525731 -0.850651 0.000000 5.000000
0.000000 -0.525731 0.850651 0.000000 -0.525731 0.850651 5.000000
0.000000 0.525731 0.850651 0.000000 0.525731 0.850651 5.000000
0.000000 -0.525731 -0.850651 0.000000 -0.525731 -0.850651 0.000000
0.000000 0.525731 -0.850651 0.000000 0.525731 -0.850651 0.000000
0.850651 0.000000 -0.525731 0.850651 0.000000 -0.525731 0.000000
0.850651 0.000000 0.525731 0.850651 0.000000 0.525731 5.000000
-0.850651 0.000000 -0.525731 -0.850651 0.000000 -0.525731 0.000000
-0.850651 0.000000 0.525731 -0.850651 0.000000 0.525731 5.000000
-0.809017 0.500000 0.309017 -0.809017 0.500000 0.309017 5.000000
-0.500000 0.309017 0.809017 -0.500000 0.309017 0.809017 5.000000
-0.309017 0.809017 0.500000 -0.309017 0.809017 0.500000 5.000000
0.309017 0.809017 0.500000 0.309017 0.809017 0.500000 5.000000
0.000000 1.000000 0.000000 0.000000 1.000000 0.000000 5.000000
0.309017 0.809017 -0.500000 0.309017 0.809017 -0.500000 0.000000
-0.309017 0.809017 -0.500000 -0.309017 0.809017 -0.500000 0.000000
-0.500000 0.309017 -0.809017 -0.500000 0.309017 -0.809017 0.000000
-0.809017 0.500000 -0.309017 -0.809017 0.500000 -0.309017 0.000000
-1.000000 0.000000 0.000000 -1.000000 0.000000 0.000000 5.000000
0.500000 0.309017 0.809017 0.500000 0.309017 0.809017 5.000000
0.809017 0.500000 0.309017 0.809017 0.500000 0.309017 5.000000
-0.500000 -0.309017 0.809017 -0.500000 -0.309017 0.809017 5.000000
0.000000 0.000000 1.000000 0.000000 0.000000 1.000000 5.000000
-0.809017 -0.500000 -0.309017 -0.809017 -0.500000 -0.309017 0.000000
-0.809017 -0.500000 0.309017 -0.809017 -0.500000 0.309017 5.000000
0.000000 0.000000 -1.000000 0.000000 0.000000 -1.000000 0.000000
-0.500000 -0.309017 -0.809017 -0.500000 -0.309017 -0.809017 0.000000
0.809017 0.500000 -0.309017 0.809017 0.500000 -0.309017 0.000000
0.500000 0.309017 -0.809017 0.500000 0.309017 -0.809017 0.000000
0.809017 -0.500000 0.309017 0.809017 -0.500000 0.309017 5.000000
0.500000 -0.309017 0.809017 0.500000 -0.309017 0.809017 5.000000
0.309017 -0.809017 0.500000 0.309017 -0.809017 0.500000 5.000000
-0.309017 -0.809017 0.500000 -0.309017 -0.809017 0.500000 5.000000
0.000000 -1.000000 0.000000 0.000000 -1.000000 0.000000 5.000000
-0.309017 -0.809017 -0.500000 -0.309017 -0.809017 -0.500000 0.000000
0.309017 -0.809017 -0.500000 0.309017 -0.809017 -0.500000 0.000000
0.500000 -0.309017 -0.809017 0.500000 -0.309017 -0.809017 0.000000
0.809017 -0.500000 -0.309017 0.809017 -0.500000 -0.309017 0.000000
1.000000 0.000000 0.000000 1.000000 0.000000 0.000000 5.000000
-0.693780 0.702046 0.160622 -0.693780 0.702046 0.160622 5.000000
-0.587785 0.688191 0.425325 -0.587785 0.688191 0.425325 5.000000
-0.433889 0.862668 0.259892 -0.433889 0.862668 0.259892 5.000000
-0.702046 0.160622 0.693780 -0.702046 0.160622 0.693780 5.000000
-0.688191 0.425325 0.587785 -0.688191 0.425325 0.587785 5.000000
-0.862668 0.259892 0.433889 -0.862668 0.259892 0.433889 5.000000
-0.160622 0.693780 0.702046 -0.160622 0.693780 0.702046 5.000000
-0.425325 0.587785 0.688191 -0.425325 0.587785 0.688191 5.000000
-0.259892 0.433889 0.862668 -0.259892 0.433889 0.862668 5.000000
-0.162460 0.951057 0.262866 -0.162460 0.951057 0.262866 5.000000
-0.273267 0.961938 0.000000 -0.273267 0.961938 0.000000 5.000000
0.160622 0.693780 0.702046 0.160622 0.693780 0.702046 5.000000
0.000000 0.850651 0.525731 0.000000 0.850651 0.525731 5.000000
0.273267 0.961938 0.000000 0.273267 0.961938 0.000000 5.000000
0.162460 0.951057 0.262866 0.162460 0.951057 0.262866 5.000000
0.433889 0.862668 0.259892 0.433889 0.862668 0.259892 5.000000
-0.162460 0.951057 -0.262866 -0.162460 0.951057 -0.262866 0.000000
-0.433889 0.862668 -0.259892 -0.433889 0.862668 -0.259892 0.000000
0.433889 0.862668 -0.259892 0.433889 0.862668 -0.259892 0.000000
0.162460 0.951057 -0.262866 0.162460 0.951057 -0.262866 0.000000
-0.160622 0.693780 -0.702046 -0.160622 0.693780 -0.702046 0.000000
0.000000 0.850651 -0.525731 0.000000 0.850651 -0.525731 0.000000
0.160622 0.693780 -0.702046 0.160622 0.693780 -0.702046 0.000000
-0.587785 0.688191 -0.425325 -0.587785 0.688191 -0.425325 0.000000
-0.693780 0.702046 -0.160622 -0.693780 0.702046 -0.160622 0.000000
-0.259892 0.433889 -0.862668 -0.259892 0.433889 -0.862668 0.000000
-0.425325 0.587785 -0.688191 -0.425325 0.587785 -0.688191 0.000000
-0.862668 0.259892 -0.433889 -0.862668 0.259892 -0.433889 0.000000
-0.688191 0.425325 -0.587785 -0.688191 0.425325 -0.587785 0.000000
-0.702046 0.160622 -0.693780 -0.702046 0.160622 -0.693780 0.000000
-0.850651 0.525731 0.000000 -0.850651 0.525731 0.000000 5.000000
-0.961938 0.000000 -0.273267 -0.961938 0.000000 -0.273267 0.000000
-0.951057 0.262866 -0.162460 -0.951057 0.262866 -0.162460 0.000000
-0.951057 0.262866 0.162460 -0.951057 0.262866 0.162460 5.000000
-0.961938 0.000000 0.273267 -0.961938 0.000000 0.273267 5.000000
0.587785 0.688191 0.425325 0.587785 0.688191 0.425325 5.000000
0.693780 0.702046 0.160622 0.693780 0.702046 0.160622 5.000000
0.259892 0.433889 0.862668 0.259892 0.433889 0.862668 5.000000
0.425325 0.587785 0.688191 0.425325 0.587785 0.688191 5.000000
0.862668 0.259892 0.433889 0.862668 0.259892 0.433889 5.000000
0.688191 0.425325 0.587785 0.688191 0.425325 0.587785 5.000000
0.702046 0.160622 0.693780 0.702046 0.160622 0.693780 5.000000
-0.262866 0.162460 0.951057 -0.262866 0.162460 0.951057 5.000000
0.000000 0.273267 0.961938 0.000000 0.273267 0.961938 5.000000
-0.702046 -0.160622 0.693780 -0.702046 -0.160622 0.693780 5.000000
-0.525731 0.000000 0.850651 -0.525731 0.000000 0.850651 5.000000
0.000000 -0.273267 0.961938 0.000000 -0.273267 0.961938 5.000000
-0.262866 -0.162460 0.951057 -0.262866 -0.162460 0.951057 5.000000
-0.259892 -0.433889 0.862668 -0.259892 -0.433889 0.862668 5.000000
-0.951057 -0.262866 0.162460 -0.951057 -0.262866 0.162460 5.000000
-0.862668 -0.259892 0.433889 -0.862668 -0.259892 0.433889 5.000000
-0.862668 -0.259892 -0.433889 -0.862668 -0.259892 -0.433889 0.000000
-0.951057 -0.262866 -0.162460 -0.951057 -0.262866 -0.162460 0.000000
-0.693780 -0.702046 0.160622 -0.693780 -0.702046 0.160622 5.000000
-0.850651 -0.525731 0.000000 -0.850651 -0.525731 0.000000 5.000000
-0.693780 -0.702046 -0.160622 -0.693780 -0.702046 -0.160622 0.000000
-0.525731 0.000000 -0.850651 -0.525731 0.000000 -0.850651 0.000000
-0.702046 -0.160622 -0.693780 -0.702046 -0.160622 -0.693780 0.000000
0.000000 0.273267 -0.961938 0.000000 0.273267 -0.961938 0.000000
-0.262866 0.162460 -0.951057 -0.262866 0.162460 -0.951057 0.000000
-0.259892 -0.433889 -0.862668 -0.259892 -0.433889 -0.862668 0.000000
-0.262866 -0.162460 -0.951057 -0.262866 -0.162460 -0.951057 0.000000
0.000000 -0.273267 -0.961938 0.000000 -0.273267 -0.961938 0.000000
0.425325 0.587785 -0.688191 0.425325 0.587785 -0.688191 0.000000
0.259892 0.433889 -0.862668 0.259892 0.433889 -0.862668 0.000000
0.693780 0.702046 -0.160622 0.693780 0.702046 -0.160622 0.000000
0.587785 0.688191 -0.425325 0.587785 0.688191 -0.425325 0.000000
0.702046 0.160622 -0.693780 0.702046 0.160622 -0.693780 0.000000
0.688191 0.425325 -0.587785 0.688191 0.425325 -0.587785 0.000000
0.862668 0.259892 -0.433889 0.862668 0.259892 -0.433889 0.000000
0.693780 -0.702046 0.160622 0.693780 -0.702046 0.160622 5.000000
0.587785 -0.688191 0.425325 0.587785 -0.688191 0.425325 5.000000
0.433889 -0.862668 0.259892 0.433889 -0.862668 0.259892 5.000000
0.702046 -0.160622 0.693780 0.702046 -0.160622 0.693780 5.000000
0.688191 -0.425325 0.587785 0.688191 -0.425325 0.587785 5.000000
0.862668 -0.259892 0.433889 0.862668 -0.259892 0.433889 5.000000
0.160622 -0.693780 0.702046 0.160622 -0.693780 0.702046 5.000000
0.425325 -0.587785 0.688191 0.425325 -0.587785 0.688191 5.000000
0.259892 -0.433889 0.862668 0.259892 -0.433889 0.862668 5.000000
0.162460 -0.951057 0.262866 0.162460 -0.951057 0.262866 5.000000
0.273267 -0.961938 0.000000 0.273267 -0.961938 0.000000 5.000000
-0.160622 -0.693780 0.702046 -0.160622 -0.693780 0.702046 5.000000
0.000000 -0.850651 0.525731 0.000000 -0.850651 0.525731 5.000000
-0.273267 -0.961938 0.000000 -0.273267 -0.961938 0.000000 5.000000
-0.162460 -0.951057 0.262866 -0.162460 -0.951057 0.262866 5.000000
-0.433889 -0.862668 0.259892 -0.433889 -0.862668 0.259892 5.000000
0.162460 -0.951057 -0.262866 0.162460 -0.951057 -0.262866 0.000000
0.433889 -0.862668 -0.259892 0.433889 -0.862668 -0.259892 0.000000
-0.433889 -0.862668 -0.259892 -0.433889 -0.862668 -0.259892 0.000000
-0.162460 -0.951057 -0.262866 -0.162460 -0.951057 -0.262866 0.000000
0.160622 -0.693780 -0.702046 0.160622 -0.693780 -0.702046 0.000000
0.000000 -0.850651 -0.525731 0.000000 -0.850651 -0.525731 0.000000
-0.160622 -0.693780 -0.702046 -0.160622 -0.693780 -0.702046 0.000000
0.587785 -0.688191 -0.425325 0.587785 -0.688191 -0.425325 0.000000
0.693780 -0.702046 -0.160622 0.693780 -0.702046 -0.160622 0.000000
0.259892 -0.433889 -0.862668 0.259892 -0.433889 -0.862668 0.000000
0.425325 -0.587785 -0.688191 0.425325 -0.587785 -0.688191 0.000000
0.862668 -0.259892 -0.433889 0.862668 -0.259892 -0.433889 0.000000
0.688191 -0.425325 -0.587785 0.688191 -0.425325 -0.587785 0.000000
0.702046 -0.160622 -0.693780 0.702046 -0.160622 -0.693780 0.000000
0.850651 -0.525731 0.000000 0.850651 -0.525731 0.000000 5.000000
0.961938 0.000000 -0.273267 0.961938 0.000000 -0.273267 0.000000
0.951057 -0.262866 -0.162460 0.951057 -0.262866 -0.162460 0.000000
0.951057 -0.262866 0.162460 0.951057 -0.262866 0.162460 5.000000
0.961938 0.000000 0.273267 0.961938 0.000000 0.273267 5.000000
0.262866 -0.162460 0.951057 0.262866 -0.162460 0.951057 5.000000
0.525731 0.000000 0.850651 0.525731 0.000000 0.850651 5.000000
0.262866 0.162460 0.951057 0.262866 0.162460 0.951057 5.000000
-0.587785 -0.688191 0.425325 -0.587785 -0.688191 0.425325 5.000000
-0.425325 -0.587785 0.688191 -0.425325 -0.587785 0.688191 5.000000
-0.688191 -0.425325 0.587785 -0.688191 -0.425325 0.587785 5.000000
-0.425325 -0.587785 -0.688191 -0.425325 -0.587785 -0.688191 0.000000
-0.587785 -0.688191 -0.425325 -0.587785 -0.688191 -0.425325 0.000000
-0.688191 -0.425325 -0.587785 -0.688191 -0.425325 -0.587785 0.000000
0.525731 0.000000 -0.850651 0.525731 0.000000 -0.850651 0.000000
0.262866 -0.162460 -0.951057 0.262866 -0.162460 -0.951057 0.000000
0.262866 0.162460 -0.951057 0.262866 0.162460 -0.951057 0.000000
0.951057 0.262866 0.162460 0.951057 0.262866 0.162460 5.000000
0.951057 0.262866 -0.162460 0.951057 0.262866 -0.162460 0.000000
0.850651 0.525731 0.000000 0.850651 0.525731 0.000000 5.000000
-0.615642 0.783843 0.081086 -0.615642 0.783843 0.081086 5.000000
-0.571252 0.792649 0.213023 -0.571252 0.792649 0.213023 5.000000
-0.484442 0.864929 0.131200 -0.484442 0.864929 0.131200 5.000000
-0.707107 0.601501 0.371748 -0.707107 0.601501 0.371748 5.000000
-0.647412 0.702310 0.296005 -0.647412 0.702310 0.296005 5.000000
-0.758652 0.606825 0.237086 -0.758652 0.606825 0.237086 5.000000
-0.375039 0.843911 0.383614 -0.375039 0.843911 0.383614 5.000000
-0.516122 0.783452 0.346153 -0.516122 0.783452 0.346153 5.000000
-0.453990 0.757935 0.468430 -0.453990 0.757935 0.468430 5.000000
-0.783843 0.081086 0.615642 -0.783843 0.081086 0.615642 5.000000
-0.792649 0.213023 0.571252 -0.792649 0.213023 0.571252 5.000000
-0.864929 0.131200 0.484442 -0.864929 0.131200 0.484442 5.000000
-0.601501 0.371748 0.707107 -0.601501 0.371748 0.707107 5.000000
-0.702310 0.296005 0.647412 -0.702310 0.296005 0.647412 5.000000
-0.606825 0.237086 0.758652 -0.606825 0.237086 0.758652 5.000000
-0.843911 0.383614 0.375039 -0.843911 0.383614 0.375039 5.000000
-0.783452 0.346153 0.516122 -0.783452 0.346153 0.516122 5.000000
-0.757935 0.468430 0.453990 -0.757935 0.468430 0.453990 5.000000
-0.081086 0.615642 0.783843 -0.081086 0.615642 0.783843 5.000000
-0.213023 0.571252 0.792649 -0.213023 0.571252 0.792649 5.000000
-0.131200 0.484442 0.864929 -0.131200 0.484442 0.864929 5.000000
-0.371748 0.707107 0.601501 -0.371748 0.707107 0.601501 5.000000
-0.296005 0.647412 0.702310 -0.296005 0.647412 0.702310 5.000000
-0.237086 0.758652 0.606825 -0.237086 0.758652 0.606825 5.000000
-0.383614 0.375039 0.843911 -0.383614 0.375039 0.843911 5.000000
-0.346153 0.516122 0.783452 -0.346153 0.516122 0.783452 5.000000
-0.468430 0.453990 0.757935 -0.468430 0.453990 0.757935 5.000000
-0.646578 0.564254 0.513375 -0.646578 0.564254 0.513375 5.000000
-0.564254 0.513375 0.646578 -0.564254 0.513375 0.646578 5.000000
-0.513375 0.646578 0.564254 -0.513375 0.646578 0.564254 5.000000
-0.358229 0.924305 0.131655 -0.358229 0.924305 0.131655 5.000000
-0.403355 0.915043 0.000000 -0.403355 0.915043 0.000000 5.000000
-0.238677 0.891007 0.386187 -0.238677 0.891007 0.386187 5.000000
-0.301259 0.916244 0.264083 -0.301259 0.916244 0.264083 5.000000
-0.137952 0.990439 0.000000 -0.137952 0.990439 0.000000 5.000000
-0.220117 0.966393 0.132792 -0.220117 0.966393 0.132792 5.000000
-0.082242 0.987688 0.133071 -0.082242 0.987688 0.133071 5.000000
0.081086 0.615642 0.783843 0.081086 0.615642 0.783843 5.000000
0.000000 0.702907 0.711282 0.000000 0.702907 0.711282 5.000000
0.156434 0.840178 0.519258 0.156434 0.840178 0.519258 5.000000
0.081142 0.780204 0.620240 0.081142 0.780204 0.620240 5.000000
0.237086 0.758652 0.606825 0.237086 0.758652 0.606825 5.000000
-0.081142 0.780204 0.620240 -0.081142 0.780204 0.620240 5.000000
-0.156434 0.840178 0.519258 -0.156434 0.840178 0.519258 5.000000
0.403355 0.915043 0.000000 0.403355 0.915043 0.000000 5.000000
0.358229 0.924305 0.131655 0.358229 0.924305 0.131655 5.000000
0.484442 0.864929 0.131200 0.484442 0.864929 0.131200 5.000000
0.082242 0.987688 0.133071 0.082242 0.987688 0.133071 5.000000
0.220117 0.966393 0.132792 0.220117 0.966393 0.132792 5.000000
0.137952 0.990439 0.000000 0.137952 0.990439 0.000000 5.000000
0.375039 0.843911 0.383614 0.375039 0.843911 0.383614 5.000000
0.301259 0.916244 0.264083 0.301259 0.916244 0.264083 5.000000
0.238677 0.891007 0.386187 0.238677 0.891007 0.386187 5.000000
-0.082324 0.912982 0.399607 -0.082324 0.912982 0.399607 5.000000
0.082324 0.912982 0.399607 0.082324 0.912982 0.399607 5.000000
0.000000 0.963861 0.266405 0.000000 0.963861 0.266405 5.000000
-0.358229 0.924305 -0.131655 -0.358229 0.924305 -0.131655 0.000000
-0.484442 0.864929 -0.131200 -0.484442 0.864929 -0.131200 0.000000
-0.082242 0.987688 -0.133071 -0.082242 0.987688 -0.133071 0.000000
-0.220117 0.966393 -0.132792 -0.220117 0.966393 -0.132792 0.000000
-0.375039 0.843911 -0.383614 -0.375039 0.843911 -0.383614 0.000000
-0.301259 0.916244 -0.264083 -0.301259 0.916244 -0.264083 0.000000
-0.238677 0.891007 -0.386187 -0.238677 0.891007 -0.386187 0.000000
0.484442 0.864929 -0.131200 0.484442 0.864929 -0.131200 0.000000
0.358229 0.924305 -0.131655 0.358229 0.924305 -0.131655 0.000000
0.238677 0.891007 -0.386187 0.238677 0.891007 -0.386187 0.000000
0.301259 0.916244 -0.264083 0.301259 0.916244 -0.264083 0.000000
0.375039 0.843911 -0.383614 0.375039 0.843911 -0.383614 0.000000
0.220117 0.966393 -0.132792 0.220117 0.966393 -0.132792 0.000000
0.082242 0.987688 -0.133071 0.082242 0.987688 -0.133071 0.000000
-0.081086 0.615642 -0.783843 -0.081086 0.615642 -0.783843 0.000000
0.000000 0.702907 -0.711282 0.000000 0.702907 -0.711282 0.000000
0.081086 0.615642 -0.783843 0.081086 0.615642 -0.783843 0.000000
-0.156434 0.840178 -0.519258 -0.156434 0.840178 -0.519258 0.000000
-0.081142 0.780204 -0.620240 -0.081142 0.780204 -0.620240 0.000000
-0.237086 0.758652 -0.606825 -0.237086 0.758652 -0.606825 0.000000
0.237086 0.758652 -0.606825 0.237086 0.758652 -0.606825 0.000000
0.081142 0.780204 -0.620240 0.081142 0.780204 -0.620240 0.000000
0.156434 0.840178 -0.519258 0.156434 0.840178 -0.519258 0.000000
0.000000 0.963861 -0.266405 0.000000 0.963861 -0.266405 0.000000
0.082324 0.912982 -0.399607 0.082324 0.912982 -0.399607 0.000000
-0.082324 0.912982 -0.399607 -0.082324 0.912982 -0.399607 0.000000
-0.571252 0.792649 -0.213023 -0.571252 0.792649 -0.213023 0.000000
-0.615642 0.783843 -0.081086 -0.615642 0.783843 -0.081086 0.000000
-0.453990 0.757935 -0.468430 -0.453990 0.757935 -0.468430 0.000000
-0.516122 0.783452 -0.346153 -0.516122 0.783452 -0.346153 0.000000
-0.758652 0.606825 -0.237086 -0.758652 0.606825 -0.237086 0.000000
-0.647412 0.702310 -0.296005 -0.647412 0.702310 -0.296005 0.000000
-0.707107 0.601501 -0.371748 -0.707107 0.601501 -0.371748 0.000000
-0.131200 0.484442 -0.864929 -0.131200 0.484442 -0.864929 0.000000
-0.213023 0.571252 -0.792649 -0.213023 0.571252 -0.792649 0.000000
-0.468430 0.453990 -0.757935 -0.468430 0.453990 -0.757935 0.000000
-0.346153 0.516122 -0.783452 -0.346153 0.516122 -0.783452 0.000000
-0.383614 0.375039 -0.843911 -0.383614 0.375039 -0.843911 0.000000
-0.296005 0.647412 -0.702310 -0.296005 0.647412 -0.702310 0.000000
-0.371748 0.707107 -0.601501 -0.371748 0.707107 -0.601501 0.000000
-0.864929 0.131200 -0.484442 -0.864929 0.131200 -0.484442 0.000000
-0.792649 0.213023 -0.571252 -0.792649 0.213023 -0.571252 0.000000
-0.783843 0.081086 -0.615642 -0.783843 0.081086 -0.615642 0.000000
-0.757935 0.468430 -0.453990 -0.757935 0.468430 -0.453990 0.000000
-0.783452 0.346153 -0.516122 -0.783452 0.346153 -0.516122 0.000000
-0.843911 0.383614 -0.375039 -0.843911 0.383614 -0.375039 0.000000
-0.606825 0.237086 -0.758652 -0.606825 0.237086 -0.758652 0.000000
-0.702310 0.296005 -0.647412 -0.702310 0.296005 -0.647412 0.000000
-0.601501 0.371748 -0.707107 -0.601501 0.371748 -0.707107 0.000000
-0.513375 0.646578 -0.564254 -0.513375 0.646578 -0.564254 0.000000
-0.564254 0.513375 -0.646578 -0.564254 0.513375 -0.646578 0.000000
-0.646578 0.564254 -0.513375 -0.646578 0.564254 -0.513375 0.000000
-0.702907 0.711282 0.000000 -0.702907 0.711282 0.000000 5.000000
-0.840178 0.519258 -0.156434 -0.840178 0.519258 -0.156434 0.000000
-0.780204 0.620240 -0.081142 -0.780204 0.620240 -0.081142 0.000000
-0.780204 0.620240 0.081142 -0.780204 0.620240 0.081142 5.000000
-0.840178 0.519258 0.156434 -0.840178 0.519258 0.156434 5.000000
-0.915043 0.000000 -0.403355 -0.915043 0.000000 -0.403355 0.000000
-0.924305 0.131655 -0.358229 -0.924305 0.131655 -0.358229 0.000000
-0.987688 0.133071 -0.082242 -0.987688 0.133071 -0.082242 0.000000
-0.966393 0.132792 -0.220117 -0.966393 0.132792 -0.220117 0.000000
-0.990439 0.000000 -0.137952 -0.990439 0.000000 -0.137952 0.000000
-0.916244 0.264083 -0.301259 -0.916244 0.264083 -0.301259 0.000000
-0.891007 0.386187 -0.238677 -0.891007 0.386187 -0.238677 0.000000
-0.924305 0.131655 0.358229 -0.924305 0.131655 0.358229 5.000000
-0.915043 0.000000 0.403355 -0.915043 0.000000 0.403355 5.000000
-0.891007 0.386187 0.238677 -0.891007 0.386187 0.238677 5.000000
-0.916244 0.264083 0.301259 -0.916244 0.264083 0.301259 5.000000
-0.990439 0.000000 0.137952 -0.990439 0.000000 0.137952 5.000000
-0.966393 0.132792 0.220117 -0.966393 0.132792 0.220117 5.000000
-0.987688 0.133071 0.082242 -0.987688 0.133071 0.082242 5.000000
-0.912982 0.399607 -0.082324 -0.912982 0.399607 -0.082324 0.000000
-0.963861 0.266405 0.000000 -0.963861 0.266405 0.000000 5.000000
-0.912982 0.399607 0.082324 -0.912982 0.399607 0.082324 5.000000
0.571252 0.792649 0.213023 0.571252 0.792649 0.213023 5.000000
0.615642 0.783843 0.081086 0.615642 0.783843 0.081086 5.000000
0.453990 0.757935 0.468430 0.453990 0.757935 0.468430 5.000000
0.516122 0.783452 0.346153 0.516122 0.783452 0.346153 5.000000
0.758652 0.606825 0.237086 0.758652 0.606825 0.237086 5.000000
0.647412 0.702310 0.296005 0.647412 0.702310 0.296005 5.000000
0.707107 0.601501 0.371748 0.707107 0.601501 0.371748 5.000000
0.131200 0.484442 0.864929 0.131200 0.484442 0.864929 5.000000
0.213023 0.571252 0.792649 0.213023 0.571252 0.792649 5.000000
0.468430 0.453990 0.757935 0.468430 0.453990 0.757935 5.000000
0.346153 0.516122 0.783452 0.346153 0.516122 0.783452 5.000000
0.383614 0.375039 0.843911 0.383614 0.375039 0.843911 5.000000
0.296005 0.647412 0.702310 0.296005 0.647412 0.702310 5.000000
0.371748 0.707107 0.601501 0.371748 0.707107 0.601501 5.000000
0.864929 0.131200 0.484442 0.864929 0.131200 0.484442 5.000000
0.792649 0.213023 0.571252 0.792649 0.213023 0.571252 5.000000
0.783843 0.081086 0.615642 0.783843 0.081086 0.615642 5.000000
0.757935 0.468430 0.453990 0.757935 0.468430 0.453990 5.000000
0.783452 0.346153 0.516122 0.783452 0.346153 0.516122 5.000000
0.843911 0.383614 0.375039 0.843911 0.383614 0.375039 5.000000
0.606825 0.237086 0.758652 0.606825 0.237086 0.758652 5.000000
0.702310 0.296005 0.647412 0.702310 0.296005 0.647412 5.000000
0.601501 0.371748 0.707107 0.601501 0.371748 0.707107 5.000000
0.513375 0.646578 0.564254 0.513375 0.646578 0.564254 5.000000
0.564254 0.513375 0.646578 0.564254 0.513375 0.646578 5.000000
0.646578 0.564254 0.513375 0.646578 0.564254 0.513375 5.000000
-0.131655 0.358229 0.924305 -0.131655 0.358229 0.924305 5.000000
0.000000 0.403355 0.915043 0.000000 0.403355 0.915043 5.000000
-0.386187 0.238677 0.891007 -0.386187 0.238677 0.891007 5.000000
-0.264083 0.301259 0.916244 -0.264083 0.301259 0.916244 5.000000
0.000000 0.137952 0.990439 0.000000 0.137952 0.990439 5.000000
-0.132792 0.220117 0.966393 -0.132792 0.220117 0.966393 5.000000
-0.133071 0.082242 0.987688 -0.133071 0.082242 0.987688 5.000000
-0.783843 -0.081086 0.615642 -0.783843 -0.081086 0.615642 5.000000
-0.711282 0.000000 0.702907 -0.711282 0.000000 0.702907 5.000000
-0.519258 -0.156434 0.840178 -0.519258 -0.156434 0.840178 5.000000
-0.620240 -0.081142 0.780204 -0.620240 -0.081142 0.780204 5.000000
-0.606825 -0.237086 0.758652 -0.606825 -0.237086 0.758652 5.000000
-0.620240 0.081142 0.780204 -0.620240 0.081142 0.780204 5.000000
-0.519258 0.156434 0.840178 -0.519258 0.156434 0.840178 5.000000
0.000000 -0.403355 0.915043 0.000000 -0.403355 0.915043 5.000000
-0.131655 -0.358229 0.924305 -0.131655 -0.358229 0.924305 5.000000
-0.131200 -0.484442 0.864929 -0.131200 -0.484442 0.864929 5.000000
-0.133071 -0.082242 0.987688 -0.133071 -0.082242 0.987688 5.000000
-0.132792 -0.220117 0.966393 -0.132792 -0.220117 0.966393 5.000000
0.000000 -0.137952 0.990439 0.000000 -0.137952 0.990439 5.000000
-0.383614 -0.375039 0.843911 -0.383614 -0.375039 0.843911 5.000000
-0.264083 -0.301259 0.916244 -0.264083 -0.301259 0.916244 5.000000
-0.386187 -0.238677 0.891007 -0.386187 -0.238677 0.891007 5.000000
-0.399607 0.082324 0.912982 -0.399607 0.082324 0.912982 5.000000
-0.399607 -0.082324 0.912982 -0.399607 -0.082324 0.912982 5.000000
-0.266405 0.000000 0.963861 -0.266405 0.000000 0.963861 5.000000
-0.924305 -0.131655 0.358229 -0.924305 -0.131655 0.358229 5.000000
-0.864929 -0.131200 0.484442 -0.864929 -0.131200 0.484442 5.000000
-0.987688 -0.133071 0.082242 -0.987688 -0.133071 0.082242 5.000000
-0.966393 -0.132792 0.220117 -0.966393 -0.132792 0.220117 5.000000
-0.843911 -0.383614 0.375039 -0.843911 -0.383614 0.375039 5.000000
-0.916244 -0.264083 0.301259 -0.916244 -0.264083 0.301259 5.000000
-0.891007 -0.386187 0.238677 -0.891007 -0.386187 0.238677 5.000000
-0.864929 -0.131200 -0.484442 -0.864929 -0.131200 -0.484442 0.000000
-0.924305 -0.131655 -0.358229 -0.924305 -0.131655 -0.358229 0.000000
-0.891007 -0.386187 -0.238677 -0.891007 -0.386187 -0.238677 0.000000
-0.916244 -0.264083 -0.301259 -0.916244 -0.264083 -0.301259 0.000000
-0.843911 -0.383614 -0.375039 -0.843911 -0.383614 -0.375039 0.000000
-0.966393 -0.132792 -0.220117 -0.966393 -0.132792 -0.220117 0.000000
-0.987688 -0.133071 -0.082242 -0.987688 -0.133071 -0.082242 0.000000
-0.615642 -0.783843 0.081086 -0.615642 -0.783843 0.081086 5.000000
-0.702907 -0.711282 0.000000 -0.702907 -0.711282 0.000000 5.000000
-0.615642 -0.783843 -0.081086 -0.615642 -0.783843 -0.081086 0.000000
-0.840178 -0.519258 0.156434 -0.840178 -0.519258 0.156434 5.000000
-0.780204 -0.620240 0.081142 -0.780204 -0.620240 0.081142 5.000000
-0.758652 -0.606825 0.237086 -0.758652 -0.606825 0.237086 5.000000
-0.758652 -0.606825 -0.237086 -0.758652 -0.606825 -0.237086 0.000000
-0.780204 -0.620240 -0.081142 -0.780204 -0.620240 -0.081142 0.000000
-0.840178 -0.519258 -0.156434 -0.840178 -0.519258 -0.156434 0.000000
-0.963861 -0.266405 0.000000 -0.963861 -0.266405 0.000000 5.000000
-0.912982 -0.399607 -0.082324 -0.912982 -0.399607 -0.082324 0.000000
-0.912982 -0.399607 0.082324 -0.912982 -0.399607 0.082324 5.000000
-0.711282 0.000000 -0.702907 -0.711282 0.000000 -0.702907 0.000000
-0.783843 -0.081086 -0.615642 -0.783843 -0.081086 -0.615642 0.000000
-0.519258 0.156434 -0.840178 -0.519258 0.156434 -0.840178 0.000000
-0.620240 0.081142 -0.780204 -0.620240 0.081142 -0.780204 0.000000
-0.606825 -0.237086 -0.758652 -0.606825 -0.237086 -0.758652 0.000000
-0.620240 -0.081142 -0.780204 -0.620240 -0.081142 -0.780204 0.000000
-0.519258 -0.156434 -0.840178 -0.519258 -0.156434 -0.840178 0.000000
0.000000 0.403355 -0.915043 0.000000 0.403355 -0.915043 0.000000
-0.131655 0.358229 -0.924305 -0.131655 0.358229 -0.924305 0.000000
-0.133071 0.082242 -0.987688 -0.133071 0.082242 -0.987688 0.000000
-0.132792 0.220117 -0.966393 -0.132792 0.220117 -0.966393 0.000000
0.000000 0.137952 -0.990439 0.000000 0.137952 -0.990439 0.000000
-0.264083 0.301259 -0.916244 -0.264083 0.301259 -0.916244 0.000000
-0.386187 0.238677 -0.891007 -0.386187 0.238677 -0.891007 0.000000
-0.131200 -0.484442 -0.864929 -0.131200 -0.484442 -0.864929 0.000000
-0.131655 -0.358229 -0.924305 -0.131655 -0.358229 -0.924305 0.000000
0.000000 -0.403355 -0.915043 0.000000 -0.403355 -0.915043 0.000000
-0.386187 -0.238677 -0.891007 -0.386187 -0.238677 -0.891007 0.000000
-0.264083 -0.301259 -0.916244 -0.264083 -0.301259 -0.916244 0.000000
-0.383614 -0.375039 -0.843911 -0.383614 -0.375039 -0.843911 0.000000
0.000000 -0.137952 -0.990439 0.000000 -0.137952 -0.990439 0.000000
-0.132792 -0.220117 -0.966393 -0.132792 -0.220117 -0.966393 0.000000
-0.133071 -0.082242 -0.987688 -0.133071 -0.082242 -0.987688 0.000000
-0.399607 0.082324 -0.912982 -0.399607 0.082324 -0.912982 0.000000
-0.266405 0.000000 -0.963861 -0.266405 0.000000 -0.963861 0.000000
-0.399607 -0.082324 -0.912982 -0.399607 -0.082324 -0.912982 0.000000
0.213023 0.571252 -0.792649 0.213023 0.571252 -0.792649 0.000000
0.131200 0.484442 -0.864929 0.131200 0.484442 -0.864929 0.000000
0.371748 0.707107 -0.601501 0.371748 0.707107 -0.601501 0.000000
0.296005 0.647412 -0.702310 0.296005 0.647412 -0.702310 0.000000
0.383614 0.375039 -0.843911 0.383614 0.375039 -0.843911 0.000000
0.346153 0.516122 -0.783452 0.346153 0.516122 -0.783452 0.000000
0.468430 0.453990 -0.757935 0.468430 0.453990 -0.757935 0.000000
0.615642 0.783843 -0.081086 0.615642 0.783843 -0.081086 0.000000
0.571252 0.792649 -0.213023 0.571252 0.792649 -0.213023 0.000000
0.707107 0.601501 -0.371748 0.707107 0.601501 -0.371748 0.000000
0.647412 0.702310 -0.296005 0.647412 0.702310 -0.296005 0.000000
0.758652 0.606825 -0.237086 0.758652 0.606825 -0.237086 0.000000
0.516122 0.783452 -0.346153 0.516122 0.783452 -0.346153 0.000000
0.453990 0.757935 -0.468430 0.453990 0.757935 -0.468430 0.000000
0.783843 0.081086 -0.615642 0.783843 0.081086 -0.615642 0.000000
0.792649 0.213023 -0.571252 0.792649 0.213023 -0.571252 0.000000
0.864929 0.131200 -0.484442 0.864929 0.131200 -0.484442 0.000000
0.601501 0.371748 -0.707107 0.601501 0.371748 -0.707107 0.000000
0.702310 0.296005 -0.647412 0.702310 0.296005 -0.647412 0.000000
0.606825 0.237086 -0.758652 0.606825 0.237086 -0.758652 0.000000
0.843911 0.383614 -0.375039 0.843911 0.383614 -0.375039 0.000000
0.783452 0.346153 -0.516122 0.783452 0.346153 -0.516122 0.000000
0.757935 0.468430 -0.453990 0.757935 0.468430 -0.453990 0.000000
0.513375 0.646578 -0.564254 0.513375 0.646578 -0.564254 0.000000
0.646578 0.564254 -0.513375 0.646578 0.564254 -0.513375 0.000000
0.564254 0.513375 -0.646578 0.564254 0.513375 -0.646578 0.000000
0.615642 -0.783843 0.081086 0.615642 -0.783843 0.081086 5.000000
0.571252 -0.792649 0.213023 0.571252 -0.792649 0.213023 5.000000
0.484442 -0.864929 0.131200 0.484442 -0.864929 0.131200 5.000000
0.707107 -0.601501 0.371748 0.707107 -0.601501 0.371748 5.000000
0.647412 -0.702310 0.296005 0.647412 -0.702310 0.296005 5.000000
0.758652 -0.606825 0.237086 0.758652 -0.606825 0.237086 5.000000
0.375039 -0.843911 0.383614 0.375039 -0.843911 0.383614 5.000000
0.516122 -0.783452 0.346153 0.516122 -0.783452 0.346153 5.000000
0.453990 -0.757935 0.468430 0.453990 -0.757935 0.468430 5.000000
0.783843 -0.081086 0.615642 0.783843 -0.081086 0.615642 5.000000
0.792649 -0.213023 0.571252 0.792649 -0.213023 0.571252 5.000000
0.864929 -0.131200 0.484442 0.864929 -0.131200 0.484442 5.000000
0.601501 -0.371748 0.707107 0.601501 -0.371748 0.707107 5.000000
0.702310 -0.296005 0.647412 0.702310 -0.296005 0.647412 5.000000
0.606825 -0.237086 0.758652 0.606825 -0.237086 0.758652 5.000000
0.843911 -0.383614 0.375039 0.843911 -0.383614 0.375039 5.000000
0.783452 -0.346153 0.516122 0.783452 -0.346153 0.516122 5.000000
0.757935 -0.468430 0.453990 0.757935 -0.468430 0.453990 5.000000
0.081086 -0.615642 0.783843 0.081086 -0.615642 0.783843 5.000000
0.213023 -0.571252 0.792649 0.213023 -0.571252 0.792649 5.000000
0.131200 -0.484442 0.864929 0.131200 -0.484442 0.864929 5.000000
0.371748 -0.707107 0.601501 0.371748 -0.707107 0.601501 5.000000
0.296005 -0.647412 0.702310 0.296005 -0.647412 0.702310 5.000000
0.237086 -0.758652 0.606825 0.237086 -0.758652 0.606825 5.000000
0.383614 -0.375039 0.843911 0.383614 -0.375039 0.843911 5.000000
0.346153 -0.516122 0.783452 0.346153 -0.516122 0.783452 5.000000
0.468430 -0.453990 0.757935 0.468430 -0.453990 0.757935 5.000000
0.646578 -0.564254 0.513375 0.646578 -0.564254 0.513375 5.000000
0.564254 -0.513375 0.646578 0.564254 -0.513375 0.646578 5.000000
0.513375 -0.646578 0.564254 0.513375 -0.646578 0.564254 5.000000
0.358229 -0.924305 0.131655 0.358229 -0.924305 0.131655 5.000000
0.403355 -0.915043 0.000000 0.403355 -0.915043 0.000000 5.000000
0.238677 -0.891007 0.386187 0.238677 -0.891007 0.386187 5.000000
0.301259 -0.916244 0.264083 0.301259 -0.916244 0.264083 5.000000
0.137952 -0.990439 0.000000 0.137952 -0.990439 0.000000 5.000000
0.220117 -0.966393 0.132792 0.220117 -0.966393 0.132792 5.000000
0.082242 -0.987688 0.133071 0.082242 -0.987688 0.133071 5.000000
-0.081086 -0.615642 0.783843 -0.081086 -0.615642 0.783843 5.000000
0.000000 -0.702907 0.711282 0.000000 -0.702907 0.711282 5.000000
-0.156434 -0.840178 0.519258 -0.156434 -0.840178 0.519258 5.000000
-0.081142 -0.780204 0.620240 -0.081142 -0.780204 0.620240 5.000000
-0.237086 -0.758652 0.606825 -0.237086 -0.758652 0.606825 5.000000
0.081142 -0.780204 0.620240 0.081142 -0.780204 0.620240 5.000000
0.156434 -0.840178 0.519258 0.156434 -0.840178 0.519258 5.000000
-0.403355 -0.915043 0.000000 -0.403355 -0.915043 0.000000 5.000000
-0.358229 -0.924305 0.131655 -0.358229 -0.924305 0.131655 5.000000
-0.484442 -0.864929 0.131200 -0.484442 -0.864929 0.131200 5.000000
-0.082242 -0.987688 0.133071 -0.082242 -0.987688 0.133071 5.000000
-0.220117 -0.966393 0.132792 -0.220117 -0.966393 0.132792 5.000000
-0.137952 -0.990439 0.000000 -0.137952 -0.990439 0.000000 5.000000
-0.375039 -0.843911 0.383614 -0.375039 -0.843911 0.383614 5.000000
-0.301259 -0.916244 0.264083 -0.301259 -0.916244 0.264083 5.000000
-0.238677 -0.891007 0.386187 -0.238677 -0.891007 0.386187 5.000000
0.082324 -0.912982 0.399607 0.082324 -0.912982 0.399607 5.000000
-0.082324 -0.912982 0.399607 -0.082324 -0.912982 0.399607 5.000000
0.000000 -0.963861 0.266405 0.000000 -0.963861 0.266405 5.000000
0.358229 -0.924305 -0.131655 0.358229 -0.924305 -0.131655 0.000000
0.484442 -0.864929 -0.131200 0.484442 -0.864929 -0.131200 0.000000
0.082242 -0.987688 -0.133071 0.082242 -0.987688 -0.133071 0.000000
0.220117 -0.966393 -0.132792 0.220117 -0.966393 -0.132792 0.000000
0.375039 -0.843911 -0.383614 0.375039 -0.843911 -0.383614 0.000000
0.301259 -0.916244 -0.264083 0.301259 -0.916244 -0.264083 0.000000
0.238677 -0.891007 -0.386187 0.238677 -0.891007 -0.386187 0.000000
-0.484442 -0.864929 -0.131200 -0.484442 -0.864929 -0.131200 0.000000
-0.358229 -0.924305 -0.131655 -0.358229 -0.924305 -0.131655 0.000000
-0.238677 -0.891007 -0.386187 -0.238677 -0.891007 -0.386187 0.000000
-0.301259 -0.916244 -0.264083 -0.301259 -0.916244 -0.264083 0.000000
-0.375039 -0.843911 -0.383614 -0.375039 -0.843911 -0.383614 0.000000
-0.220117 -0.966393 -0.132792 -0.220117 -0.966393 -0.132792 0.000000
-0.082242 -0.987688 -0.133071 -0.082242 -0.987688 -0.133071 0.000000
0.081086 -0.615642 -0.783843 0.081086 -0.615642 -0.783843 0.000000
0.000000 -0.702907 -0.711282 0.000000 -0.702907 -0.711282 0.000000
-0.081086 -0.615642 -0.783843 -0.081086 -0.615642 -0.783843 0.000000
0.156434 -0.840178 -0.519258 0.156434 -0.840178 -0.519258 0.000000
0.081142 -0.780204 -0.620240 0.081142 -0.780204 -0.620240 0.000000
0.237086 -0.758652 -0.606825 0.237086 -0.758652 -0.606825 0.000000
-0.237086 -0.758652 -0.606825 -0.237086 -0.758652 -0.606825 0.000000
-0.081142 -0.780204 -0.620240 -0.081142 -0.780204 -0.620240 0.000000
-0.156434 -0.840178 -0.519258 -0.156434 -0.840178 -0.519258 0.000000
0.000000 -0.963861 -0.266405 0.000000 -0.963861 -0.266405 0.000000
-0.082324 -0.912982 -0.399607 -0.082324 -0.912982 -0.399607 0.000000
0.082324 -0.912982 -0.399607 0.082324 -0.912982 -0.399607 0.000000
0.571252 -0.792649 -0.213023 0.571252 -0.792649 -0.213023 0.000000
0.615642 -0.783843 -0.081086 0.615642 -0.783843 -0.081086 0.000000
0.453990 -0.757935 -0.468430 0.453990 -0.757935 -0.468430 0.000000
0.516122 -0.783452 -0.346153 0.516122 -0.783452 -0.346153 0.000000
0.758652 -0.606825 -0.237086 0.758652 -0.606825 -0.237086 0.000000
0.647412 -0.702310 -0.296005 0.647412 -0.702310 -0.296005 0.000000
0.707107 -0.601501 -0.371748 0.707107 -0.601501 -0.371748 0.000000
0.131200 -0.484442 -0.864929 0.131200 -0.484442 -0.864929 0.000000
0.213023 -0.571252 -0.792649 0.213023 -0.571252 -0.792649 0.000000
0.468430 -0.453990 -0.757935 0.468430 -0.453990 -0.757935 0.000000
0.346153 -0.516122 -0.783452 0.346153 -0.516122 -0.783452 0.000000
0.383614 -0.375039 -0.843911 0.383614 -0.375039 -0.843911 0.000000
0.296005 -0.647412 -0.702310 0.296005 -0.647412 -0.702310 0.000000
0.371748 -0.707107 -0.601501 0.371748 -0.707107 -0.601501 0.000000
0.864929 -0.131200 -0.484442 0.864929 -0.131200 -0.484442 0.000000
0.792649 -0.213023 -0.571252 0.792649 -0.213023 -0.571252 0.000000
0.783843 -0.081086 -0.615642 0.783843 -0.081086 -0.615642 0.000000
0.757935 -0.468430 -0.453990 0.757935 -0.468430 -0.453990 0.000000
0.783452 -0.346153 -0.516122 0.783452 -0.346153 -0.516122 0.000000
0.843911 -0.383614 -0.375039 0.843911 -0.383614 -0.375039 0.000000
0.606825 -0.237086 -0.758652 0.606825 -0.237086 -0.758652 0.000000
0.702310 -0.296005 -0.647412 0.702310 -0.296005 -0.647412 0.000000
0.601501 -0.371748 -0.707107 0.601501 -0.371748 -0.707107 0.000000
0.513375 -0.646578 -0.564254 0.513375 -0.646578 -0.564254 0.000000
0.564254 -0.513375 -0.646578 0.564254 -0.513375 -0.646578 0.000000
0.646578 -0.564254 -0.513375 0.646578 -0.564254 -0.513375 0.000000
0.702907 -0.711282 0.000000 0.702907 -0.711282 0.000000 5.000000
0.840178 -0.519258 -0.156434 0.840178 -0.519258 -0.156434 0.000000
0.780204 -0.620240 -0.081142 0.780204 -0.620240 -0.081142 0.000000
0.780204 -0.620240 0.081142 0.780204 -0.620240 0.081142 5.000000
0.840178 -0.519258 0.156434 0.840178 -0.519258 0.156434 5.000000
0.915043 0.000000 -0.403355 0.915043 0.000000 -0.403355 0.000000
0.924305 -0.131655 -0.358229 0.924305 -0.131655 -0.358229 0.000000
0.987688 -0.133071 -0.082242 0.987688 -0.133071 -0.082242 0.000000
0.966393 -0.132792 -0.220117 0.966393 -0.132792 -0.220117 0.000000
0.990439 0.000000 -0.137952 0.990439 0.000000 -0.137952 0.000000
0.916244 -0.264083 -0.301259 0.916244 -0.264083 -0.301259 0.000000
0.891007 -0.386187 -0.238677 0.891007 -0.386187 -0.238677 0.000000
0.924305 -0.131655 0.358229 0.924305 -0.131655 0.358229 5.000000
0.915043 0.000000 0.403355 0.915043 0.000000 0.403355 5.000000
0.891007 -0.386187 0.238677 0.891007 -0.386187 0.238677 5.000000
0.916244 -0.264083 0.301259 0.916244 -0.264083 0.301259 5.000000
0.990439 0.000000 0.137952 0.990439 0.000000 0.137952 5.000000
0.966393 -0.132792 0.220117 0.966393 -0.132792 0.220117 5.000000
0.987688 -0.133071 0.082242 0.987688 -0.133071 0.082242 5.000000
0.912982 -0.399607 -0.082324 0.912982 -0.399607 -0.082324 0.000000
0.963861 -0.266405 0.000000 0.963861 -0.266405 0.000000 5.000000
0.912982 -0.399607 0.082324 0.912982 -0.399607 0.082324 5.000000
0.131655 -0.358229 0.924305 0.131655 -0.358229 0.924305 5.000000
0.386187 -0.238677 0.891007 0.386187 -0.238677 0.891007 5.000000
0.264083 -0.301259 0.916244 0.264083 -0.301259 0.916244 5.000000
0.132792 -0.220117 0.966393 0.132792 -0.220117 0.966393 5.000000
0.133071 -0.082242 0.987688 0.133071 -0.082242 0.987688 5.000000
0.711282 0.000000 0.702907 0.711282 0.000000 0.702907 5.000000
0.519258 0.156434 0.840178 0.519258 0.156434 0.840178 5.000000
0.620240 0.081142 0.780204 0.620240 0.081142 0.780204 5.000000
0.620240 -0.081142 0.780204 0.620240 -0.081142 0.780204 5.000000
0.519258 -0.156434 0.840178 0.519258 -0.156434 0.840178 5.000000
0.131655 0.358229 0.924305 0.131655 0.358229 0.924305 5.000000
0.133071 0.082242 0.987688 0.133071 0.082242 0.987688 5.000000
0.132792 0.220117 0.966393 0.132792 0.220117 0.966393 5.000000
0.264083 0.301259 0.916244 0.264083 0.301259 0.916244 5.000000
0.386187 0.238677 0.891007 0.386187 0.238677 0.891007 5.000000
0.399607 -0.082324 0.912982 0.399607 -0.082324 0.912982 5.000000
0.399607 0.082324 0.912982 0.399607 0.082324 0.912982 5.000000
0.266405 0.000000 0.963861 0.266405 0.000000 0.963861 5.000000
-0.571252 -0.792649 0.213023 -0.571252 -0.792649 0.213023 5.000000
-0.453990 -0.757935 0.468430 -0.453990 -0.757935 0.468430 5.000000
-0.516122 -0.783452 0.346153 -0.516122 -0.783452 0.346153 5.000000
-0.647412 -0.702310 0.296005 -0.647412 -0.702310 0.296005 5.000000
-0.707107 -0.601501 0.371748 -0.707107 -0.601501 0.371748 5.000000
-0.213023 -0.571252 0.792649 -0.213023 -0.571252 0.792649 5.000000
-0.468430 -0.453990 0.757935 -0.468430 -0.453990 0.757935 5.000000
-0.346153 -0.516122 0.783452 -0.346153 -0.516122 0.783452 5.000000
-0.296005 -0.647412 0.702310 -0.296005 -0.647412 0.702310 5.000000
-0.371748 -0.707107 0.601501 -0.371748 -0.707107 0.601501 5.000000
-0.792649 -0.213023 0.571252 -0.792649 -0.213023 0.571252 5.000000
-0.757935 -0.468430 0.453990 -0.757935 -0.468430 0.453990 5.000000
-0.783452 -0.346153 0.516122 -0.783452 -0.346153 0.516122 5.000000
-0.702310 -0.296005 0.647412 -0.702310 -0.296005 0.647412 5.000000
-0.601501 -0.371748 0.707107 -0.601501 -0.371748 0.707107 5.000000
-0.513375 -0.646578 0.564254 -0.513375 -0.646578 0.564254 5.000000
-0.564254 -0.513375 0.646578 -0.564254 -0.513375 0.646578 5.000000
-0.646578 -0.564254 0.513375 -0.646578 -0.564254 0.513375 5.000000
-0.213023 -0.571252 -0.792649 -0.213023 -0.571252 -0.792649 0.000000
-0.371748 -0.707107 -0.601501 -0.371748 -0.707107 -0.601501 0.000000
-0.296005 -0.647412 -0.702310 -0.296005 -0.647412 -0.702310 0.000000
-0.346153 -0.516122 -0.783452 -0.346153 -0.516122 -0.783452 0.000000
-0.468430 -0.453990 -0.757935 -0.468430 -0.453990 -0.757935 0.000000
-0.571252 -0.792649 -0.213023 -0.571252 -0.792649 -0.213023 0.000000
-0.707107 -0.601501 -0.371748 -0.707107 -0.601501 -0.371748 0.000000
-0.647412 -0.702310 -0.296005 -0.647412 -0.702310 -0.296005 0.000000
-0.516122 -0.783452 -0.346153 -0.516122 -0.783452 -0.346153 0.000000
-0.453990 -0.757935 -0.468430 -0.453990 -0.757935 -0.468430 0.000000
-0.792649 -0.213023 -0.571252 -0.792649 -0.213023 -0.571252 0.000000
-0.601501 -0.371748 -0.707107 -0.601501 -0.371748 -0.707107 0.000000
-0.702310 -0.296005 -0.647412 -0.702310 -0.296005 -0.647412 0.000000
-0.783452 -0.346153 -0.516122 -0.783452 -0.346153 -0.516122 0.000000
-0.757935 -0.468430 -0.453990 -0.757935 -0.468430 -0.453990 0.000000
-0.513375 -0.646578 -0.564254 -0.513375 -0.646578 -0.564254 0.000000
-0.646578 -0.564254 -0.513375 -0.646578 -0.564254 -0.513375 0.000000
-0.564254 -0.513375 -0.646578 -0.564254 -0.513375 -0.646578 0.000000
0.711282 0.000000 -0.702907 0.711282 0.000000 -0.702907 0.000000
0.519258 -0.156434 -0.840178 0.519258 -0.156434 -0.840178 0.000000
0.620240 -0.081142 -0.780204 0.620240 -0.081142 -0.780204 0.000000
0.620240 0.081142 -0.780204 0.620240 0.081142 -0.780204 0.000000
0.519258 0.156434 -0.840178 0.519258 0.156434 -0.840178 0.000000
0.131655 -0.358229 -0.924305 0.131655 -0.358229 -0.924305 0.000000
0.133071 -0.082242 -0.987688 0.133071 -0.082242 -0.987688 0.000000
0.132792 -0.220117 -0.966393 0.132792 -0.220117 -0.966393 0.000000
0.264083 -0.301259 -0.916244 0.264083 -0.301259 -0.916244 0.000000
0.386187 -0.238677 -0.891007 0.386187 -0.238677 -0.891007 0.000000
0.131655 0.358229 -0.924305 0.131655 0.358229 -0.924305 0.000000
0.386187 0.238677 -0.891007 0.386187 0.238677 -0.891007 0.000000
0.264083 0.301259 -0.916244 0.264083 0.301259 -0.916244 0.000000
0.132792 0.220117 -0.966393 0.132792 0.220117 -0.966393 0.000000
0.133071 0.082242 -0.987688 0.133071 0.082242 -0.987688 0.000000
0.399607 -0.082324 -0.912982 0.399607 -0.082324 -0.912982 0.000000
0.266405 0.000000 -0.963861 0.266405 0.000000 -0.963861 0.000000
0.399607 0.082324 -0.912982 0.399607 0.082324 -0.912982 0.000000
0.924305 0.131655 0.358229 0.924305 0.131655 0.358229 5.000000
0.987688 0.133071 0.082242 0.987688 0.133071 0.082242 5.000000
0.966393 0.132792 0.220117 0.966393 0.132792 0.220117 5.000000
0.916244 0.264083 0.301259 0.916244 0.264083 0.301259 5.000000
0.891007 0.386187 0.238677 0.891007 0.386187 0.238677 5.000000
0.924305 0.131655 -0.358229 0.924305 0.131655 -0.358229 0.000000
0.891007 0.386187 -0.238677 0.891007 0.386187 -0.238677 0.000000
0.916244 0.264083 -0.301259 0.916244 0.264083 -0.301259 0.000000
0.966393 0.132792 -0.220117 0.966393 0.132792 -0.220117 0.000000
0.987688 0.133071 -0.082242 0.987688 0.133071 -0.082242 0.000000
0.702907 0.711282 0.000000 0.702907 0.711282 0.000000 5.000000
0.840178 0.519258 0.156434 0.840178 0.519258 0.156434 5.000000
0.780204 0.620240 0.081142 0.780204 0.620240 0.081142 5.000000
0.780204 0.620240 -0.081142 0.780204 0.620240 -0.081142 0.000000
0.840178 0.519258 -0.156434 0.840178 0.519258 -0.156434 0.000000
0.963861 0.266405 0.000000 0.963861 0.266405 0.000000 5.000000
0.912982 0.399607 -0.082324 0.912982 0.399607 -0.082324 0.000000
0.912982 0.399607 0.082324 0.912982 0.399607 0.082324 5.000000
