505
-0.135178 0.086140 -0.528988
0.623963 0.235968 0.664077
-0.048015 -0.786317 -0.017354
-0.107441 -0.895806 0.191499
-0.185380 -0.501191 -0.411879
-0.214700 -0.654713 0.269490
0.453426 -0.842698 -0.031095
-0.900062 0.044029 0.235224
-0.167005 -0.573767 0.309802
0.246279 0.702095 0.029134
-0.429303 -0.621634 -0.280970
-0.664655 0.042085 0.476629
0.525998 0.064691 -0.546304
0.024236 0.002592 0.682028
-0.351081 0.547298 0.128076
0.128389 -0.259954 0.126850
0.093230 -0.721170 -0.235160
-0.758738 0.465705 0.341906
0.302470 0.257867 0.602918
-0.334349 0.207333 0.181971
-0.750710 0.133617 -0.146586
0.712510 0.106811 -0.156150
-0.804404 0.431672 0.293370
-0.493587 -0.370515 0.639399
0.403027 -0.021954 0.295988
-0.464139 0.266096 -0.573840
0.855174 0.010055 -0.033750
0.771434 -0.102797 0.568720
0.176142 0.178633 0.944144
0.418320 -0.564562 0.037094
0.094430 0.080807 -0.547902
-0.156020 -0.391654 -0.461110
-0.586468 -0.489101 -0.553642
0.193667 0.530776 -0.442363
-0.399280 -0.007852 0.807363
-0.498606 -0.477728 0.716576
-0.424517 0.419588 0.146466
0.046713 0.471882 -0.563862
-0.691044 0.024230 -0.461446
-0.422781 -0.547773 -0.206764
0.178965 0.198717 0.445133
-0.162580 0.252559 0.396370
0.537713 0.363839 -0.502169
-0.672773 -0.228607 0.060335
0.554982 -0.388235 0.103712
0.026180 0.803230 -0.176443
-0.334543 -0.327883 -0.478885
0.638972 0.269147 0.088779
-0.028412 -0.026684 -0.026168
-0.058096 0.029156 0.074901
0.103483 -0.135310 0.731617
-0.023203 -0.405646 0.255837
0.600427 0.648269 0.040024
0.110205 -0.053719 -0.701178
0.338659 0.338212 -0.503473
-0.615467 -0.576487 -0.386279
-0.597744 -0.098846 0.775049
0.627373 0.054688 0.193191
0.052684 0.454765 0.625736
-0.383507 -0.356191 -0.528876
0.029284 0.491311 -0.698349
0.019253 -0.011128 -0.402787
-0.259776 -0.855759 0.401183
0.161242 -0.588434 0.739458
0.389871 -0.426073 -0.598351
-0.389563 0.193315 0.721689
0.294620 0.517015 -0.762802
-0.264730 -0.429781 -0.416369
-0.148053 -0.456714 -0.651172
0.376258 -0.447586 -0.156869
-0.278411 -0.378319 0.101587
0.647918 0.307344 -0.517217
0.118807 0.496006 0.797346
-0.167441 0.424914 0.885456
-0.497190 -0.115767 0.442767
-0.415676 0.798119 0.293385
-0.930793 0.283744 -0.139074
0.894005 -0.166333 0.204451
-0.787515 -0.238521 0.430002
-0.260997 -0.432790 0.547884
-0.494712 0.699191 0.493201
-0.846509 0.348983 -0.299178
-0.599829 0.148808 -0.074909
0.823573 -0.104262 -0.154279
-0.392825 0.481093 0.030346
0.221618 -0.908084 0.042432
-0.642957 -0.213175 -0.153593
-0.086796 0.305585 -0.405586
-0.581308 -0.114301 -0.123569
0.054331 0.474281 0.165792
-0.017506 -0.564148 -0.170081
-0.522233 0.646528 0.215655
-0.310835 0.639150 -0.088303
0.203856 0.217068 -0.534117
0.175740 -0.559107 0.112731
-0.495972 0.685745 -0.038508
0.848545 0.103207 -0.370805
-0.009261 0.644457 0.706054
-0.457522 0.855745 -0.144273
0.293044 0.463489 -0.120325
0.084684 -0.208139 0.100801
0.021105 0.861060 0.243514
-0.531949 0.122229 -0.347378
0.063000 -0.616397 -0.665121
0.116069 -0.063067 -0.818888
0.339182 0.206530 -0.564129
0.165689 -0.718968 -0.528236
0.280055 0.127850 -0.564808
0.822059 -0.068253 -0.353487
-0.137693 0.338191 0.008864
-0.212539 -0.785176 -0.219957
-0.754900 0.310137 0.082186
-0.364634 0.400830 -0.397247
-0.682256 0.412690 -0.337583
0.440102 -0.000934 -0.645596
0.164944 -0.377766 -0.205140
0.229215 -0.627210 0.058921
-0.028234 -0.290343 -0.080412
0.101237 0.852358 -0.187246
-0.386172 0.577199 -0.138675
0.425799 -0.469082 -0.347117
0.095343 -0.195038 -0.833613
0.162961 0.181084 -0.303126
0.541103 0.013543 -0.615556
-0.394277 -0.263264 0.741819
-0.590845 -0.154914 0.218559
0.297659 0.389329 0.292776
-0.280999 0.368654 0.457464
0.125179 0.623778 -0.013746
-0.394912 0.019437 -0.208815
-0.786256 -0.077012 -0.038914
0.068628 0.136218 -0.842104
0.235563 -0.231942 0.499684
-0.574572 0.209235 -0.506564
0.635601 0.013288 -0.325488
-0.151506 0.784794 -0.308409
0.445425 0.674204 -0.238812
0.904764 -0.079730 -0.212689
-0.156234 0.053722 -0.908801
-0.199254 0.833996 0.118354
0.008843 0.403969 -0.657275
0.378997 0.509994 -0.718893
0.443191 -0.067141 0.825377
-0.794446 0.214302 0.431483
0.701448 0.232588 0.575901
0.346733 0.371827 -0.259522
0.816764 -0.038687 0.248578
-0.187340 -0.512817 0.567950
0.254398 -0.235504 -0.611042
-0.262377 -0.414870 0.814905
0.580451 -0.426301 -0.241051
-0.258288 -0.775196 0.450956
0.533144 0.572425 -0.547752
-0.925600 0.148830 -0.310110
0.771091 0.134961 0.487269
-0.650208 0.332214 0.306137
0.230203 -0.615605 0.531817
0.943503 0.199182 -0.182922
0.182486 -0.096948 -0.178819
0.557920 0.275099 0.500145
-0.109542 -0.199454 -0.686754
-0.171046 -0.083880 -0.942229
0.223750 -0.579466 0.591258
-0.340169 0.691179 -0.021486
0.422801 -0.333457 -0.074028
-0.412024 0.789494 0.048019
0.176922 -0.220476 -0.375483
-0.563309 0.251791 0.488698
-0.296699 -0.392002 0.305867
-0.197524 -0.764231 -0.486141
-0.594386 0.621173 0.094230
-0.641932 0.733359 0.070603
-0.662497 0.204188 -0.573784
0.799529 0.061485 -0.403407
-0.467774 -0.496558 0.291231
-0.044341 -0.678362 0.432672
0.695281 0.626033 -0.022859
-0.570052 0.012019 0.228740
0.306418 -0.618691 0.356398
0.094991 0.014714 0.917402
-0.055122 0.435084 0.434431
0.861570 -0.213625 0.187401
0.255167 -0.174857 0.927277
0.077691 -0.279043 -0.033852
0.661540 0.393427 0.433080
-0.124997 -0.614518 0.240954
-0.270984 0.624478 -0.702899
0.912757 -0.153075 0.150686
-0.146210 0.457001 -0.500417
-0.002268 -0.856147 -0.085104
0.451587 0.576115 -0.319153
0.200922 -0.158017 -0.807018
0.883945 -0.262925 -0.048950
0.418224 -0.329975 0.625509
-0.279165 -0.360936 0.645265
0.381093 -0.901342 -0.126753
-0.377511 -0.462477 -0.499632
0.139442 0.572955 0.028664
0.403037 -0.046772 -0.414522
0.153919 0.080625 0.805979
0.193421 0.488665 0.500839
0.372298 -0.037234 0.783101
-0.255819 0.289459 0.839403
0.518713 -0.698186 0.104445
-0.225133 -0.479925 -0.341885
-0.234566 0.827137 0.175446
0.329368 0.211946 -0.780710
-0.050545 -0.507110 -0.085491
0.077695 0.088136 -0.455279
-0.210995 0.904808 -0.269981
0.175469 0.079738 0.241306
-0.159872 -0.862636 0.295684
-0.182816 -0.023536 0.677389
0.654158 -0.067341 -0.002002
-0.431135 0.342188 -0.263204
0.059612 0.384030 0.621707
-0.549426 0.747189 -0.246890
0.490410 -0.409814 -0.524194
-0.399687 -0.772270 -0.079829
0.621741 0.004644 -0.282940
0.111632 0.229140 0.526929
0.275546 -0.806830 -0.017801
-0.491192 -0.035541 0.600620
-0.232762 0.710042 -0.351022
-0.306537 -0.182773 -0.717217
-0.455287 0.060447 0.315427
-0.098600 0.386080 -0.398200
0.969745 -0.165266 -0.166315
0.764263 0.569378 0.177177
0.591733 -0.154852 -0.519553
0.613432 0.250489 -0.566273
0.126034 0.317324 -0.552597
0.495945 0.060849 0.335560
0.182352 -0.384949 -0.611963
-0.262794 -0.552911 -0.243109
-0.337874 0.237176 0.814972
0.529262 0.109862 0.072801
-0.177262 0.162320 -0.682553
-0.270439 0.099781 -0.511189
-0.726065 -0.169434 0.503737
-0.301789 0.549870 -0.277065
-0.326703 -0.121344 0.457593
0.189179 0.144848 -0.715178
-0.325752 -0.268116 -0.708826
-0.798420 0.147952 -0.514224
-0.405251 0.382900 0.741532
-0.368186 -0.829005 -0.386433
0.503703 0.626280 0.503648
-0.785760 -0.572115 -0.233009
0.564590 -0.094966 -0.227338
0.416816 0.531978 -0.419362
-0.755163 -0.203917 0.335455
0.330065 0.290023 0.608623
0.153195 0.740063 0.558333
-0.738922 0.237453 -0.525377
0.480898 -0.033341 -0.790856
-0.460916 0.747627 0.102464
0.214703 -0.893769 0.348462
0.138748 0.283885 -0.461189
-0.540241 -0.450316 -0.495477
-0.473987 -0.491199 -0.444785
0.304886 0.094871 -0.708231
0.321095 -0.500296 0.599610
0.775566 -0.533026 -0.232514
0.427685 0.691391 -0.412706
0.253983 -0.536500 0.607804
0.631651 0.404714 -0.070437
-0.669926 0.427797 0.244946
-0.417506 -0.362602 0.115289
-0.670095 0.285952 0.654282
0.552815 -0.413207 0.064553
0.645776 -0.309658 -0.689282
-0.004902 -0.580847 -0.707576
0.712745 -0.422518 -0.360740
0.094587 -0.320784 0.585386
0.267845 -0.331638 0.175867
0.021491 0.032473 -0.997969
0.479572 -0.413448 0.722277
0.171083 -0.613752 -0.641569
0.330610 -0.368204 -0.786663
0.217079 0.648969 -0.126299
-0.601874 0.578357 -0.375516
-0.716868 0.381987 -0.305998
0.063239 0.635842 -0.411021
0.073916 0.706189 0.496676
-0.266272 -0.310650 0.477746
-0.511727 0.199824 0.030124
-0.614827 0.262917 -0.201539
0.051463 0.312680 -0.608878
0.715926 0.380585 -0.233412
0.180917 -0.735110 0.050615
-0.463902 0.067410 -0.549892
-0.141404 0.157374 0.219026
0.277691 0.774758 -0.471910
-0.065576 -0.514092 0.611645
-0.121699 -0.507353 -0.534730
0.700029 0.483553 0.151083
0.550752 -0.170308 -0.184891
-0.149383 -0.535123 0.281811
0.283315 0.848459 0.247739
-0.405257 -0.422069 -0.212748
0.028253 -0.341019 -0.619164
-0.474912 0.438996 -0.558800
0.626089 0.435079 -0.408864
0.564952 0.449390 -0.266407
-0.803389 0.254074 -0.085915
0.230184 0.533208 -0.374522
-0.787576 0.523117 -0.195897
0.047310 -0.180384 0.553176
0.108929 -0.072508 0.282545
-0.347146 0.189091 0.876163
0.156408 0.421115 0.109797
0.490704 0.376285 -0.158281
0.334583 0.587418 -0.655292
-0.574519 -0.097046 0.506798
-0.576296 0.581654 0.246879
0.522411 0.331649 0.190926
0.250033 -0.211470 0.464780
0.626782 0.132027 0.110949
0.620056 -0.049866 -0.279766
-0.709857 -0.033064 -0.159575
0.600316 -0.381227 0.084456
0.524582 0.646221 -0.517846
0.749293 -0.030283 0.610383
0.184130 0.510243 0.460166
0.315682 0.315846 0.555673
-0.349072 0.547726 0.590625
0.119730 0.738757 0.575572
-0.567624 -0.159604 -0.681955
-0.931929 0.255983 0.107611
0.916237 -0.072206 0.006616
-0.715725 -0.281254 -0.431946
0.203263 0.258175 0.106276
-0.138189 -0.046511 -0.819742
-0.447359 0.105019 -0.836833
0.617972 -0.412692 -0.076293
0.231155 -0.842385 0.038647
-0.487015 -0.246915 -0.415460
0.904132 -0.280216 -0.259789
-0.392775 0.110474 -0.570147
0.714003 0.308044 -0.141313
-0.319643 0.074800 -0.926299
0.421797 0.251662 0.581255
0.038578 0.211747 0.740749
-0.341215 -0.629073 -0.006392
-0.049715 0.977355 -0.167544
-0.925782 0.313344 -0.061572
-0.194299 -0.284777 0.467562
-0.066272 0.057758 0.649030
-0.303803 0.128362 -0.011649
-0.663752 0.045908 -0.550809
0.234563 -0.263497 -0.275586
-0.534197 0.043055 0.472709
0.833446 -0.012006 -0.212938
0.435638 0.458774 -0.100702
0.900818 0.288367 -0.060704
-0.051183 -0.093229 -0.951044
-0.001537 -0.478077 0.823302
-0.039597 -0.024320 0.404080
0.262956 0.574676 -0.386882
0.184581 -0.202357 -0.627815
-0.544487 0.479962 -0.486435
0.175848 -0.468232 0.813811
0.068273 -0.759972 -0.163249
0.447230 -0.154740 -0.375817
-0.166779 0.102890 0.276422
0.704303 -0.220623 -0.342922
-0.350133 0.327982 0.789072
0.280229 -0.836444 0.069724
-0.304105 0.003559 -0.397666
0.274972 -0.380159 0.809470
-0.078521 -0.751411 -0.223475
-0.392819 -0.165740 0.393039
0.589154 -0.481201 -0.614140
0.355373 -0.662332 -0.183158
-0.883187 0.249087 -0.016956
-0.082618 0.005258 0.541184
-0.897162 -0.196565 0.088527
-0.276780 0.520385 0.501826
-0.385273 -0.547806 -0.531327
0.214435 0.081065 0.807844
-0.174292 -0.079384 0.142638
-0.692356 -0.247537 0.041229
0.328253 -0.373635 0.421033
0.037809 -0.419506 0.831103
-0.890642 0.143564 -0.143166
-0.458679 -0.263352 0.173798
-0.282454 0.253453 0.890831
0.146708 -0.875860 0.214956
0.464104 0.000747 -0.778387
-0.539552 0.539514 -0.449026
0.148654 0.344495 0.256723
0.289723 -0.637501 0.242729
-0.002469 0.293121 -0.455673
-0.569023 0.533445 0.591175
0.776958 0.100791 0.480379
0.633917 0.128778 0.236003
0.114741 -0.358742 0.580198
-0.122791 -0.071264 0.640309
-0.754900 -0.639770 0.123430
0.652895 -0.119850 0.112585
-0.542305 0.648154 0.470735
0.802252 -0.250143 -0.020480
-0.526615 -0.758603 -0.170307
0.167419 0.881877 -0.439913
-0.255724 -0.015574 -0.524942
-0.412776 0.262899 -0.137696
-0.023295 -0.177030 0.865647
0.034881 0.633322 0.686097
0.371710 -0.391567 -0.019333
-0.150060 -0.924257 0.012269
0.044922 -0.046615 -0.031590
0.005225 0.364594 -0.324981
0.843341 -0.038012 -0.333511
0.691027 -0.346463 0.286700
0.253850 -0.321253 -0.403372
0.008518 0.383014 0.833602
-0.078123 -0.307235 0.129684
-0.389942 0.684029 0.012293
-0.466277 -0.057754 -0.814012
0.360861 -0.721014 0.176087
0.017135 -0.111417 0.710998
0.502632 -0.432626 0.454477
-0.065464 0.520508 0.730843
-0.418480 0.050894 -0.290913
0.097964 0.170607 0.516818
-0.069947 -0.090816 -0.958724
0.408485 -0.348472 0.701190
0.501130 0.182354 0.478426
-0.363312 0.354039 0.811567
0.215757 0.303473 0.196887
-0.403526 -0.730216 -0.372484
0.446768 -0.213554 0.117637
0.772916 -0.079992 0.341414
-0.395856 -0.011100 -0.517449
0.809190 -0.073160 -0.297638
0.536939 -0.427160 0.274050
0.342462 0.052388 0.013486
0.340882 0.136729 -0.391079
0.265629 0.241171 -0.754319
0.570649 -0.056839 -0.719626
0.670397 0.458341 0.344837
0.519815 -0.467928 -0.599579
0.103283 -0.019909 0.893418
-0.384089 0.371178 -0.719531
0.115296 -0.382130 0.378574
-0.032491 0.356226 -0.688417
0.898630 0.418647 0.029197
0.327079 -0.831302 -0.431428
0.405814 -0.213281 -0.537120
-0.668854 0.196998 -0.414324
0.142923 -0.947156 -0.103082
0.743422 -0.515312 0.319593
0.242878 -0.739600 0.008918
-0.778390 -0.497280 0.212273
0.485180 -0.612409 -0.229499
-0.005491 -0.445492 -0.836501
-0.197096 -0.822961 0.387319
-0.124722 -0.346970 -0.723100
0.478571 0.505596 -0.534258
0.560411 0.663077 0.285735
-0.118078 0.116827 -0.252074
-0.777587 -0.462830 -0.093607
-0.271634 -0.492438 -0.488773
0.527964 -0.197325 -0.321444
0.324291 -0.230758 0.915970
0.259092 -0.333892 -0.697300
-0.446406 0.149183 0.758436
0.595026 0.254416 0.240114
0.002080 -0.657167 -0.698679
-0.081182 0.479497 -0.376315
0.555140 -0.687561 -0.218867
0.012647 -0.596825 -0.784173
0.812157 -0.325520 0.236782
0.539172 -0.179740 -0.329388
0.287023 0.657706 -0.324708
-0.719829 -0.493669 -0.262498
-0.166468 -0.175814 0.500908
0.126035 0.702113 -0.497041
-0.125357 -0.957772 -0.247398
-0.652217 0.294363 -0.609933
0.430336 0.043723 -0.733152
-0.614259 0.211251 0.295236
-0.667612 0.125556 -0.337393
0.262463 0.399026 0.073879
0.132119 -0.093277 -0.814872
-0.679127 -0.284636 0.140668
-0.388384 -0.561288 -0.249571
-0.144725 0.003128 0.028290
-0.094654 0.401724 -0.732081
-0.796412 -0.553621 -0.155123
-0.706287 0.170954 -0.211427
0.605380 0.428289 0.607993
-0.616163 0.628354 0.001293
0.002760 -0.505515 -0.111440
0.257748 0.173769 -0.824394
-0.835531 0.349904 -0.214423
-0.000391 0.537591 -0.738723
0.200135 0.473096 -0.722959
-0.268336 -0.376045 -0.071592
0.167493 0.310440 -0.871591
-0.551500 -0.483745 0.468474
0.677066 0.422242 0.202604
-0.207539 -0.175206 0.212957
-0.479064 0.409493 -0.630804
