642
-0.973249 0.229753 0.000000 -0.525731 0.850651 0.000000 0.500000
-0.229753 0.973249 0.000000 0.525731 0.850651 0.000000 1.000000
0.229753 -0.973249 0.000000 -0.525731 -0.850651 0.000000 0.500000
0.973249 -0.229753 0.000000 0.525731 -0.850651 0.000000 1.000000
0.371748 -0.371748 0.850651 0.000000 -0.525731 0.850651 1.000000
-0.371748 0.371748 0.850651 0.000000 0.525731 0.850651 1.000000
0.371748 -0.371748 -0.850651 0.000000 -0.525731 -0.850651 1.000000
-0.371748 0.371748 -0.850651 0.000000 0.525731 -0.850651 1.000000
0.601501 0.601501 -0.525731 0.850651 0.000000 -0.525731 1.000000
0.601501 0.601501 0.525731 0.850651 0.000000 0.525731 1.000000
-0.601501 -0.601501 -0.525731 -0.850651 0.000000 -0.525731 0.500000
-0.601501 -0.601501 0.525731 -0.850651 0.000000 0.525731 0.500000
-0.925615 -0.218508 0.309017 -0.809017 0.500000 0.309017 0.500000
-0.572061 -0.135045 0.809017 -0.500000 0.309017 0.809017 0.500000
-0.790569 0.353553 0.500000 -0.309017 0.809017 0.500000 0.500000
-0.353553 0.790569 0.500000 0.309017 0.809017 0.500000 1.000000
-0.707107 0.707107 0.000000 0.000000 1.000000 0.000000 1.000000
-0.353553 0.790569 -0.500000 0.309017 0.809017 -0.500000 1.000000
-0.790569 0.353553 -0.500000 -0.309017 0.809017 -0.500000 0.500000
-0.572061 -0.135045 -0.809017 -0.500000 0.309017 -0.809017 0.500000
-0.925615 -0.218508 -0.309017 -0.809017 0.500000 -0.309017 0.500000
-0.707107 -0.707107 0.000000 -1.000000 0.000000 0.000000 0.500000
0.135045 0.572061 0.809017 0.500000 0.309017 0.809017 1.000000
0.218508 0.925615 0.309017 0.809017 0.500000 0.309017 1.000000
-0.135045 -0.572061 0.809017 -0.500000 -0.309017 0.809017 0.500000
0.000000 0.000000 1.000000 0.000000 0.000000 1.000000 1.000000
-0.218508 -0.925615 -0.309017 -0.809017 -0.500000 -0.309017 0.500000
-0.218508 -0.925615 0.309017 -0.809017 -0.500000 0.309017 0.500000
0.000000 0.000000 -1.000000 0.000000 0.000000 -1.000000 1.000000
-0.135045 -0.572061 -0.809017 -0.500000 -0.309017 -0.809017 0.500000
0.218508 0.925615 -0.309017 0.809017 0.500000 -0.309017 1.000000
0.135045 0.572061 -0.809017 0.500000 0.309017 -0.809017 1.000000
0.925615 0.218508 0.309017 0.809017 -0.500000 0.309017 1.000000
0.572061 0.135045 0.809017 0.500000 -0.309017 0.809017 1.000000
0.790569 -0.353553 0.500000 0.309017 -0.809017 0.500000 1.000000
0.353553 -0.790569 0.500000 -0.309017 -0.809017 0.500000 0.500000
0.707107 -0.707107 0.000000 0.000000 -1.000000 0.000000 1.000000
0.353553 -0.790569 -0.500000 -0.309017 -0.809017 -0.500000 0.500000
0.790569 -0.353553 -0.500000 0.309017 -0.809017 -0.500000 1.000000
0.572061 0.135045 -0.809017 0.500000 -0.309017 -0.809017 1.000000
0.925615 0.218508 -0.309017 0.809017 -0.500000 -0.309017 1.000000
0.707107 0.707107 0.000000 1.000000 0.000000 0.000000 1.000000
-0.986999 0.005845 0.160622 -0.693780 0.702046 0.160622 0.500000
-0.902251 0.070998 0.425325 -0.587785 0.688191 0.425325 0.500000
-0.916804 0.303193 0.259892 -0.433889 0.862668 0.259892 0.500000
-0.609999 -0.382845 0.693780 -0.702046 0.160622 0.693780 0.500000
-0.787375 -0.185874 0.587785 -0.688191 0.425325 0.587785 0.500000
-0.793770 -0.426227 0.433889 -0.862668 0.259892 0.433889 0.500000
-0.604154 0.377000 0.702046 -0.160622 0.693780 0.702046 0.500000
-0.716377 0.114876 0.688191 -0.425325 0.587785 0.688191 0.500000
-0.490577 0.123034 0.862668 -0.259892 0.433889 0.862668 0.500000
-0.787375 0.557622 0.262866 -0.162460 0.951057 0.262866 0.500000
-0.873422 0.486965 0.000000 -0.273267 0.961938 0.000000 0.500000
-0.377000 0.604154 0.702046 0.160622 0.693780 0.702046 1.000000
-0.601501 0.601501 0.525731 0.000000 0.850651 0.525731 1.000000
-0.486965 0.873422 0.000000 0.273267 0.961938 0.000000 1.000000
-0.557622 0.787375 0.262866 0.162460 0.951057 0.262866 1.000000
-0.303193 0.916804 0.259892 0.433889 0.862668 0.259892 1.000000
-0.787375 0.557622 -0.262866 -0.162460 0.951057 -0.262866 0.500000
-0.916804 0.303193 -0.259892 -0.433889 0.862668 -0.259892 0.500000
-0.303193 0.916804 -0.259892 0.433889 0.862668 -0.259892 1.000000
-0.557622 0.787375 -0.262866 0.162460 0.951057 -0.262866 1.000000
-0.604154 0.377000 -0.702046 -0.160622 0.693780 -0.702046 0.500000
-0.601501 0.601501 -0.525731 0.000000 0.850651 -0.525731 1.000000
-0.377000 0.604154 -0.702046 0.160622 0.693780 -0.702046 1.000000
-0.902251 0.070998 -0.425325 -0.587785 0.688191 -0.425325 0.500000
-0.986999 0.005845 -0.160622 -0.693780 0.702046 -0.160622 0.500000
-0.490577 0.123034 -0.862668 -0.259892 0.433889 -0.862668 0.500000
-0.716377 0.114876 -0.688191 -0.425325 0.587785 -0.688191 0.500000
-0.793770 -0.426227 -0.433889 -0.862668 0.259892 -0.433889 0.500000
-0.787375 -0.185874 -0.587785 -0.688191 0.425325 -0.587785 0.500000
-0.609999 -0.382845 -0.693780 -0.702046 0.160622 -0.693780 0.500000
-0.973249 -0.229753 0.000000 -0.850651 0.525731 0.000000 0.500000
-0.680193 -0.680193 -0.273267 -0.961938 0.000000 -0.273267 0.500000
-0.858373 -0.486624 -0.162460 -0.951057 0.262866 -0.162460 0.500000
-0.858373 -0.486624 0.162460 -0.951057 0.262866 0.162460 0.500000
-0.680193 -0.680193 0.273267 -0.961938 0.000000 0.273267 0.500000
-0.070998 0.902251 0.425325 0.587785 0.688191 0.425325 1.000000
-0.005845 0.986999 0.160622 0.693780 0.702046 0.160622 1.000000
-0.123034 0.490577 0.862668 0.259892 0.433889 0.862668 1.000000
-0.114876 0.716377 0.688191 0.425325 0.587785 0.688191 1.000000
0.426227 0.793770 0.433889 0.862668 0.259892 0.433889 1.000000
0.185874 0.787375 0.587785 0.688191 0.425325 0.587785 1.000000
0.382845 0.609999 0.693780 0.702046 0.160622 0.693780 1.000000
-0.300750 -0.070998 0.951057 -0.262866 0.162460 0.951057 0.500000
-0.193229 0.193229 0.961938 0.000000 0.273267 0.961938 1.000000
-0.382845 -0.609999 0.693780 -0.702046 -0.160622 0.693780 0.500000
-0.371748 -0.371748 0.850651 -0.525731 0.000000 0.850651 0.500000
0.193229 -0.193229 0.961938 0.000000 -0.273267 0.961938 1.000000
-0.070998 -0.300750 0.951057 -0.262866 -0.162460 0.951057 0.500000
0.123034 -0.490577 0.862668 -0.259892 -0.433889 0.862668 0.500000
-0.486624 -0.858373 0.162460 -0.951057 -0.262866 0.162460 0.500000
-0.426227 -0.793770 0.433889 -0.862668 -0.259892 0.433889 0.500000
-0.426227 -0.793770 -0.433889 -0.862668 -0.259892 -0.433889 0.500000
-0.486624 -0.858373 -0.162460 -0.951057 -0.262866 -0.162460 0.500000
0.005845 -0.986999 0.160622 -0.693780 -0.702046 0.160622 0.500000
-0.229753 -0.973249 0.000000 -0.850651 -0.525731 0.000000 0.500000
0.005845 -0.986999 -0.160622 -0.693780 -0.702046 -0.160622 0.500000
-0.371748 -0.371748 -0.850651 -0.525731 0.000000 -0.850651 0.500000
-0.382845 -0.609999 -0.693780 -0.702046 -0.160622 -0.693780 0.500000
-0.193229 0.193229 -0.961938 0.000000 0.273267 -0.961938 1.000000
-0.300750 -0.070998 -0.951057 -0.262866 0.162460 -0.951057 0.500000
0.123034 -0.490577 -0.862668 -0.259892 -0.433889 -0.862668 0.500000
-0.070998 -0.300750 -0.951057 -0.262866 -0.162460 -0.951057 0.500000
0.193229 -0.193229 -0.961938 0.000000 -0.273267 -0.961938 1.000000
-0.114876 0.716377 -0.688191 0.425325 0.587785 -0.688191 1.000000
-0.123034 0.490577 -0.862668 0.259892 0.433889 -0.862668 1.000000
-0.005845 0.986999 -0.160622 0.693780 0.702046 -0.160622 1.000000
-0.070998 0.902251 -0.425325 0.587785 0.688191 -0.425325 1.000000
0.382845 0.609999 -0.693780 0.702046 0.160622 -0.693780 1.000000
0.185874 0.787375 -0.587785 0.688191 0.425325 -0.587785 1.000000
0.426227 0.793770 -0.433889 0.862668 0.259892 -0.433889 1.000000
0.986999 -0.005845 0.160622 0.693780 -0.702046 0.160622 1.000000
0.902251 -0.070998 0.425325 0.587785 -0.688191 0.425325 1.000000
0.916804 -0.303193 0.259892 0.433889 -0.862668 0.259892 1.000000
0.609999 0.382845 0.693780 0.702046 -0.160622 0.693780 1.000000
0.787375 0.185874 0.587785 0.688191 -0.425325 0.587785 1.000000
0.793770 0.426227 0.433889 0.862668 -0.259892 0.433889 1.000000
0.604154 -0.377000 0.702046 0.160622 -0.693780 0.702046 1.000000
0.716377 -0.114876 0.688191 0.425325 -0.587785 0.688191 1.000000
0.490577 -0.123034 0.862668 0.259892 -0.433889 0.862668 1.000000
0.787375 -0.557622 0.262866 0.162460 -0.951057 0.262866 1.000000
0.873422 -0.486965 0.000000 0.273267 -0.961938 0.000000 1.000000
0.377000 -0.604154 0.702046 -0.160622 -0.693780 0.702046 0.500000
0.601501 -0.601501 0.525731 0.000000 -0.850651 0.525731 1.000000
0.486965 -0.873422 0.000000 -0.273267 -0.961938 0.000000 0.500000
0.557622 -0.787375 0.262866 -0.162460 -0.951057 0.262866 0.500000
0.303193 -0.916804 0.259892 -0.433889 -0.862668 0.259892 0.500000
0.787375 -0.557622 -0.262866 0.162460 -0.951057 -0.262866 1.000000
0.916804 -0.303193 -0.259892 0.433889 -0.862668 -0.259892 1.000000
0.303193 -0.916804 -0.259892 -0.433889 -0.862668 -0.259892 0.500000
0.557622 -0.787375 -0.262866 -0.162460 -0.951057 -0.262866 0.500000
0.604154 -0.377000 -0.702046 0.160622 -0.693780 -0.702046 1.000000
0.601501 -0.601501 -0.525731 0.000000 -0.850651 -0.525731 1.000000
0.377000 -0.604154 -0.702046 -0.160622 -0.693780 -0.702046 0.500000
0.902251 -0.070998 -0.425325 0.587785 -0.688191 -0.425325 1.000000
0.986999 -0.005845 -0.160622 0.693780 -0.702046 -0.160622 1.000000
0.490577 -0.123034 -0.862668 0.259892 -0.433889 -0.862668 1.000000
0.716377 -0.114876 -0.688191 0.425325 -0.587785 -0.688191 1.000000
0.793770 0.426227 -0.433889 0.862668 -0.259892 -0.433889 1.000000
0.787375 0.185874 -0.587785 0.688191 -0.425325 -0.587785 1.000000
0.609999 0.382845 -0.693780 0.702046 -0.160622 -0.693780 1.000000
0.973249 0.229753 0.000000 0.850651 -0.525731 0.000000 1.000000
0.680193 0.680193 -0.273267 0.961938 0.000000 -0.273267 1.000000
0.858373 0.486624 -0.162460 0.951057 -0.262866 -0.162460 1.000000
0.858373 0.486624 0.162460 0.951057 -0.262866 0.162460 1.000000
0.680193 0.680193 0.273267 0.961938 0.000000 0.273267 1.000000
0.300750 0.070998 0.951057 0.262866 -0.162460 0.951057 1.000000
0.371748 0.371748 0.850651 0.525731 0.000000 0.850651 1.000000
0.070998 0.300750 0.951057 0.262866 0.162460 0.951057 1.000000
0.070998 -0.902251 0.425325 -0.587785 -0.688191 0.425325 0.500000
0.114876 -0.716377 0.688191 -0.425325 -0.587785 0.688191 0.500000
-0.185874 -0.787375 0.587785 -0.688191 -0.425325 0.587785 0.500000
0.114876 -0.716377 -0.688191 -0.425325 -0.587785 -0.688191 0.500000
0.070998 -0.902251 -0.425325 -0.587785 -0.688191 -0.425325 0.500000
-0.185874 -0.787375 -0.587785 -0.688191 -0.425325 -0.587785 0.500000
0.371748 0.371748 -0.850651 0.525731 0.000000 -0.850651 1.000000
0.300750 0.070998 -0.951057 0.262866 -0.162460 -0.951057 1.000000
0.070998 0.300750 -0.951057 0.262866 0.162460 -0.951057 1.000000
0.486624 0.858373 0.162460 0.951057 0.262866 0.162460 1.000000
0.486624 0.858373 -0.162460 0.951057 0.262866 -0.162460 1.000000
0.229753 0.973249 0.000000 0.850651 0.525731 0.000000 1.000000
-0.989585 0.118936 0.081086 -0.615642 0.783843 0.081086 0.500000
-0.964424 0.156552 0.213023 -0.571252 0.792649 0.213023 0.500000
-0.954149 0.269045 0.131200 -0.484442 0.864929 0.131200 0.500000
-0.925325 -0.074675 0.371748 -0.707107 0.601501 0.371748 0.500000
-0.954397 0.038819 0.296005 -0.647412 0.702310 0.296005 0.500000
-0.965538 -0.107358 0.237086 -0.758652 0.606825 0.237086 0.500000
-0.861928 0.331543 0.383614 -0.375039 0.843911 0.383614 0.500000
-0.918937 0.189031 0.346153 -0.516122 0.783452 0.346153 0.500000
-0.856961 0.214922 0.468430 -0.453990 0.757935 0.468430 0.500000
-0.611597 -0.496924 0.615642 -0.783843 0.081086 0.615642 0.500000
-0.711118 -0.409858 0.571252 -0.792649 0.213023 0.571252 0.500000
-0.704370 -0.518825 0.484442 -0.864929 0.131200 0.484442 0.500000
-0.688191 -0.162460 0.707107 -0.601501 0.371748 0.707107 0.500000
-0.705915 -0.287301 0.647412 -0.702310 0.296005 0.647412 0.500000
-0.596736 -0.261445 0.758652 -0.606825 0.237086 0.758652 0.500000
-0.867991 -0.325480 0.375039 -0.843911 0.383614 0.375039 0.500000
-0.798751 -0.309217 0.516122 -0.783452 0.346153 0.516122 0.500000
-0.867171 -0.204711 0.453990 -0.757935 0.468430 0.453990 0.500000
-0.492661 0.377988 0.783843 -0.081086 0.615642 0.783843 0.500000
-0.554566 0.253306 0.792649 -0.213023 0.571252 0.792649 0.500000
-0.435325 0.249779 0.864929 -0.131200 0.484442 0.864929 0.500000
-0.762866 0.237134 0.601501 -0.371748 0.707107 0.601501 0.500000
-0.667096 0.248482 0.702310 -0.296005 0.647412 0.702310 0.500000
-0.704094 0.368803 0.606825 -0.237086 0.758652 0.606825 0.500000
-0.536448 -0.006064 0.843911 -0.383614 0.375039 0.843911 0.500000
-0.609720 0.120186 0.783452 -0.346153 0.516122 0.783452 0.500000
-0.652250 -0.010210 0.757935 -0.468430 0.453990 0.757935 0.500000
-0.856188 -0.058212 0.513375 -0.646578 0.564254 0.513375 0.500000
-0.761999 -0.035977 0.646578 -0.564254 0.513375 0.646578 0.500000
-0.820211 0.094188 0.564254 -0.513375 0.646578 0.564254 0.500000
-0.906888 0.400276 0.131655 -0.358229 0.924305 0.131655 0.500000
-0.932249 0.361818 0.000000 -0.403355 0.915043 0.000000 0.500000
-0.798807 0.461267 0.386187 -0.238677 0.891007 0.386187 0.500000
-0.860905 0.434860 0.264083 -0.301259 0.916244 0.264083 0.500000
-0.797893 0.602799 0.000000 -0.137952 0.990439 0.000000 0.500000
-0.838989 0.527697 0.132792 -0.220117 0.966393 0.132792 0.500000
-0.756555 0.640247 0.133071 -0.082242 0.987688 0.133071 0.500000
-0.377988 0.492661 0.783843 0.081086 0.615642 0.783843 1.000000
-0.497030 0.497030 0.711282 0.000000 0.702907 0.711282 1.000000
-0.483480 0.704711 0.519258 0.156434 0.840178 0.519258 1.000000
-0.494312 0.609064 0.620240 0.081142 0.780204 0.620240 1.000000
-0.368803 0.704094 0.606825 0.237086 0.758652 0.606825 1.000000
-0.609064 0.494312 0.620240 -0.081142 0.780204 0.620240 0.500000
-0.704711 0.483480 0.519258 -0.156434 0.840178 0.519258 0.500000
-0.361818 0.932249 0.000000 0.403355 0.915043 0.000000 1.000000
-0.400276 0.906888 0.131655 0.358229 0.924305 0.131655 1.000000
-0.269045 0.954149 0.131200 0.484442 0.864929 0.131200 1.000000
-0.640247 0.756555 0.133071 0.082242 0.987688 0.133071 1.000000
-0.527697 0.838989 0.132792 0.220117 0.966393 0.132792 1.000000
-0.602799 0.797893 0.000000 0.137952 0.990439 0.000000 1.000000
-0.331543 0.861928 0.383614 0.375039 0.843911 0.383614 1.000000
-0.434860 0.860905 0.264083 0.301259 0.916244 0.264083 1.000000
-0.461267 0.798807 0.386187 0.238677 0.891007 0.386187 1.000000
-0.703788 0.587365 0.399607 -0.082324 0.912982 0.399607 0.500000
-0.587365 0.703788 0.399607 0.082324 0.912982 0.399607 1.000000
-0.681553 0.681553 0.266405 0.000000 0.963861 0.266405 1.000000
-0.906888 0.400276 -0.131655 -0.358229 0.924305 -0.131655 0.500000
-0.954149 0.269045 -0.131200 -0.484442 0.864929 -0.131200 0.500000
-0.756555 0.640247 -0.133071 -0.082242 0.987688 -0.133071 0.500000
-0.838989 0.527697 -0.132792 -0.220117 0.966393 -0.132792 0.500000
-0.861928 0.331543 -0.383614 -0.375039 0.843911 -0.383614 0.500000
-0.860905 0.434860 -0.264083 -0.301259 0.916244 -0.264083 0.500000
-0.798807 0.461267 -0.386187 -0.238677 0.891007 -0.386187 0.500000
-0.269045 0.954149 -0.131200 0.484442 0.864929 -0.131200 1.000000
-0.400276 0.906888 -0.131655 0.358229 0.924305 -0.131655 1.000000
-0.461267 0.798807 -0.386187 0.238677 0.891007 -0.386187 1.000000
-0.434860 0.860905 -0.264083 0.301259 0.916244 -0.264083 1.000000
-0.331543 0.861928 -0.383614 0.375039 0.843911 -0.383614 1.000000
-0.527697 0.838989 -0.132792 0.220117 0.966393 -0.132792 1.000000
-0.640247 0.756555 -0.133071 0.082242 0.987688 -0.133071 1.000000
-0.492661 0.377988 -0.783843 -0.081086 0.615642 -0.783843 0.500000
-0.497030 0.497030 -0.711282 0.000000 0.702907 -0.711282 1.000000
-0.377988 0.492661 -0.783843 0.081086 0.615642 -0.783843 1.000000
-0.704711 0.483480 -0.519258 -0.156434 0.840178 -0.519258 0.500000
-0.609064 0.494312 -0.620240 -0.081142 0.780204 -0.620240 0.500000
-0.704094 0.368803 -0.606825 -0.237086 0.758652 -0.606825 0.500000
-0.368803 0.704094 -0.606825 0.237086 0.758652 -0.606825 1.000000
-0.494312 0.609064 -0.620240 0.081142 0.780204 -0.620240 1.000000
-0.483480 0.704711 -0.519258 0.156434 0.840178 -0.519258 1.000000
-0.681553 0.681553 -0.266405 0.000000 0.963861 -0.266405 1.000000
-0.587365 0.703788 -0.399607 0.082324 0.912982 -0.399607 1.000000
-0.703788 0.587365 -0.399607 -0.082324 0.912982 -0.399607 0.500000
-0.964424 0.156552 -0.213023 -0.571252 0.792649 -0.213023 0.500000
-0.989585 0.118936 -0.081086 -0.615642 0.783843 -0.081086 0.500000
-0.856961 0.214922 -0.468430 -0.453990 0.757935 -0.468430 0.500000
-0.918937 0.189031 -0.346153 -0.516122 0.783452 -0.346153 0.500000
-0.965538 -0.107358 -0.237086 -0.758652 0.606825 -0.237086 0.500000
-0.954397 0.038819 -0.296005 -0.647412 0.702310 -0.296005 0.500000
-0.925325 -0.074675 -0.371748 -0.707107 0.601501 -0.371748 0.500000
-0.435325 0.249779 -0.864929 -0.131200 0.484442 -0.864929 0.500000
-0.554566 0.253306 -0.792649 -0.213023 0.571252 -0.792649 0.500000
-0.652250 -0.010210 -0.757935 -0.468430 0.453990 -0.757935 0.500000
-0.609720 0.120186 -0.783452 -0.346153 0.516122 -0.783452 0.500000
-0.536448 -0.006064 -0.843911 -0.383614 0.375039 -0.843911 0.500000
-0.667096 0.248482 -0.702310 -0.296005 0.647412 -0.702310 0.500000
-0.762866 0.237134 -0.601501 -0.371748 0.707107 -0.601501 0.500000
-0.704370 -0.518825 -0.484442 -0.864929 0.131200 -0.484442 0.500000
-0.711118 -0.409858 -0.571252 -0.792649 0.213023 -0.571252 0.500000
-0.611597 -0.496924 -0.615642 -0.783843 0.081086 -0.615642 0.500000
-0.867171 -0.204711 -0.453990 -0.757935 0.468430 -0.453990 0.500000
-0.798751 -0.309217 -0.516122 -0.783452 0.346153 -0.516122 0.500000
-0.867991 -0.325480 -0.375039 -0.843911 0.383614 -0.375039 0.500000
-0.596736 -0.261445 -0.758652 -0.606825 0.237086 -0.758652 0.500000
-0.705915 -0.287301 -0.647412 -0.702310 0.296005 -0.647412 0.500000
-0.688191 -0.162460 -0.707107 -0.601501 0.371748 -0.707107 0.500000
-0.820211 0.094188 -0.564254 -0.513375 0.646578 -0.564254 0.500000
-0.761999 -0.035977 -0.646578 -0.564254 0.513375 -0.646578 0.500000
-0.856188 -0.058212 -0.513375 -0.646578 0.564254 -0.513375 0.500000
-0.999982 0.005922 0.000000 -0.702907 0.711282 0.000000 0.500000
-0.961267 -0.226924 -0.156434 -0.840178 0.519258 -0.156434 0.500000
-0.990263 -0.113112 -0.081142 -0.780204 0.620240 -0.081142 0.500000
-0.990263 -0.113112 0.081142 -0.780204 0.620240 0.081142 0.500000
-0.961267 -0.226924 0.156434 -0.840178 0.519258 0.156434 0.500000
-0.647033 -0.647033 -0.403355 -0.915043 0.000000 -0.403355 0.500000
-0.746676 -0.560488 -0.358229 -0.924305 0.131655 -0.358229 0.500000
-0.792497 -0.604306 -0.082242 -0.987688 0.133071 -0.082242 0.500000
-0.777241 -0.589444 -0.220117 -0.966393 0.132792 -0.220117 0.500000
-0.700346 -0.700346 -0.137952 -0.990439 0.000000 -0.137952 0.500000
-0.834617 -0.461148 -0.301259 -0.916244 0.264083 -0.301259 0.500000
-0.903112 -0.356961 -0.238677 -0.891007 0.386187 -0.238677 0.500000
-0.746676 -0.560488 0.358229 -0.924305 0.131655 0.358229 0.500000
-0.647033 -0.647033 0.403355 -0.915043 0.000000 0.403355 0.500000
-0.903112 -0.356961 0.238677 -0.891007 0.386187 0.238677 0.500000
-0.834617 -0.461148 0.301259 -0.916244 0.264083 0.301259 0.500000
-0.700346 -0.700346 0.137952 -0.990439 0.000000 0.137952 0.500000
-0.777241 -0.589444 0.220117 -0.966393 0.132792 0.220117 0.500000
-0.792497 -0.604306 0.082242 -0.987688 0.133071 0.082242 0.500000
-0.928141 -0.363011 -0.082324 -0.912982 0.399607 -0.082324 0.500000
-0.869929 -0.493176 0.000000 -0.963861 0.266405 0.000000 0.500000
-0.928141 -0.363011 0.082324 -0.912982 0.399607 0.082324 0.500000
-0.156552 0.964424 0.213023 0.571252 0.792649 0.213023 1.000000
-0.118936 0.989585 0.081086 0.615642 0.783843 0.081086 1.000000
-0.214922 0.856961 0.468430 0.453990 0.757935 0.468430 1.000000
-0.189031 0.918937 0.346153 0.516122 0.783452 0.346153 1.000000
0.107358 0.965538 0.237086 0.758652 0.606825 0.237086 1.000000
-0.038819 0.954397 0.296005 0.647412 0.702310 0.296005 1.000000
0.074675 0.925325 0.371748 0.707107 0.601501 0.371748 1.000000
-0.249779 0.435325 0.864929 0.131200 0.484442 0.864929 1.000000
-0.253306 0.554566 0.792649 0.213023 0.571252 0.792649 1.000000
0.010210 0.652250 0.757935 0.468430 0.453990 0.757935 1.000000
-0.120186 0.609720 0.783452 0.346153 0.516122 0.783452 1.000000
0.006064 0.536448 0.843911 0.383614 0.375039 0.843911 1.000000
-0.248482 0.667096 0.702310 0.296005 0.647412 0.702310 1.000000
-0.237134 0.762866 0.601501 0.371748 0.707107 0.601501 1.000000
0.518825 0.704370 0.484442 0.864929 0.131200 0.484442 1.000000
0.409858 0.711118 0.571252 0.792649 0.213023 0.571252 1.000000
0.496924 0.611597 0.615642 0.783843 0.081086 0.615642 1.000000
0.204711 0.867171 0.453990 0.757935 0.468430 0.453990 1.000000
0.309217 0.798751 0.516122 0.783452 0.346153 0.516122 1.000000
0.325480 0.867991 0.375039 0.843911 0.383614 0.375039 1.000000
0.261445 0.596736 0.758652 0.606825 0.237086 0.758652 1.000000
0.287301 0.705915 0.647412 0.702310 0.296005 0.647412 1.000000
0.162460 0.688191 0.707107 0.601501 0.371748 0.707107 1.000000
-0.094188 0.820211 0.564254 0.513375 0.646578 0.564254 1.000000
0.035977 0.761999 0.646578 0.564254 0.513375 0.646578 1.000000
0.058212 0.856188 0.513375 0.646578 0.564254 0.513375 1.000000
-0.346400 0.160212 0.924305 -0.131655 0.358229 0.924305 0.500000
-0.285215 0.285215 0.915043 0.000000 0.403355 0.915043 1.000000
-0.441846 -0.104306 0.891007 -0.386187 0.238677 0.891007 0.500000
-0.399757 0.026287 0.916244 -0.264083 0.301259 0.916244 0.500000
-0.097547 0.097547 0.990439 0.000000 0.137952 0.990439 1.000000
-0.249545 0.061748 0.966393 -0.132792 0.220117 0.966393 0.500000
-0.152250 -0.035941 0.987688 -0.133071 0.082242 0.987688 0.500000
-0.496924 -0.611597 0.615642 -0.783843 -0.081086 0.615642 0.500000
-0.502952 -0.502952 0.702907 -0.711282 0.000000 0.702907 0.500000
-0.256555 -0.477787 0.840178 -0.519258 -0.156434 0.840178 0.500000
-0.381200 -0.495952 0.780204 -0.620240 -0.081142 0.780204 0.500000
-0.261445 -0.596736 0.758652 -0.606825 -0.237086 0.758652 0.500000
-0.495952 -0.381200 0.780204 -0.620240 0.081142 0.780204 0.500000
-0.477787 -0.256555 0.840178 -0.519258 0.156434 0.840178 0.500000
0.285215 -0.285215 0.915043 0.000000 -0.403355 0.915043 1.000000
0.160212 -0.346400 0.924305 -0.131655 -0.358229 0.924305 0.500000
0.249779 -0.435325 0.864929 -0.131200 -0.484442 0.864929 0.500000
-0.035941 -0.152250 0.987688 -0.133071 -0.082242 0.987688 0.500000
0.061748 -0.249545 0.966393 -0.132792 -0.220117 0.966393 0.500000
0.097547 -0.097547 0.990439 0.000000 -0.137952 0.990439 1.000000
-0.006064 -0.536448 0.843911 -0.383614 -0.375039 0.843911 0.500000
0.026287 -0.399757 0.916244 -0.264083 -0.301259 0.916244 0.500000
-0.104306 -0.441846 0.891007 -0.386187 -0.238677 0.891007 0.500000
-0.340776 -0.224353 0.912982 -0.399607 0.082324 0.912982 0.500000
-0.224353 -0.340776 0.912982 -0.399607 -0.082324 0.912982 0.500000
-0.188377 -0.188377 0.963861 -0.266405 0.000000 0.963861 0.500000
-0.560488 -0.746676 0.358229 -0.924305 -0.131655 0.358229 0.500000
-0.518825 -0.704370 0.484442 -0.864929 -0.131200 0.484442 0.500000
-0.604306 -0.792497 0.082242 -0.987688 -0.133071 0.082242 0.500000
-0.589444 -0.777241 0.220117 -0.966393 -0.132792 0.220117 0.500000
-0.325480 -0.867991 0.375039 -0.843911 -0.383614 0.375039 0.500000
-0.461148 -0.834617 0.301259 -0.916244 -0.264083 0.301259 0.500000
-0.356961 -0.903112 0.238677 -0.891007 -0.386187 0.238677 0.500000
-0.518825 -0.704370 -0.484442 -0.864929 -0.131200 -0.484442 0.500000
-0.560488 -0.746676 -0.358229 -0.924305 -0.131655 -0.358229 0.500000
-0.356961 -0.903112 -0.238677 -0.891007 -0.386187 -0.238677 0.500000
-0.461148 -0.834617 -0.301259 -0.916244 -0.264083 -0.301259 0.500000
-0.325480 -0.867991 -0.375039 -0.843911 -0.383614 -0.375039 0.500000
-0.589444 -0.777241 -0.220117 -0.966393 -0.132792 -0.220117 0.500000
-0.604306 -0.792497 -0.082242 -0.987688 -0.133071 -0.082242 0.500000
0.118936 -0.989585 0.081086 -0.615642 -0.783843 0.081086 0.500000
0.005922 -0.999982 0.000000 -0.702907 -0.711282 0.000000 0.500000
0.118936 -0.989585 -0.081086 -0.615642 -0.783843 -0.081086 0.500000
-0.226924 -0.961267 0.156434 -0.840178 -0.519258 0.156434 0.500000
-0.113112 -0.990263 0.081142 -0.780204 -0.620240 0.081142 0.500000
-0.107358 -0.965538 0.237086 -0.758652 -0.606825 0.237086 0.500000
-0.107358 -0.965538 -0.237086 -0.758652 -0.606825 -0.237086 0.500000
-0.113112 -0.990263 -0.081142 -0.780204 -0.620240 -0.081142 0.500000
-0.226924 -0.961267 -0.156434 -0.840178 -0.519258 -0.156434 0.500000
-0.493176 -0.869929 0.000000 -0.963861 -0.266405 0.000000 0.500000
-0.363011 -0.928141 -0.082324 -0.912982 -0.399607 -0.082324 0.500000
-0.363011 -0.928141 0.082324 -0.912982 -0.399607 0.082324 0.500000
-0.502952 -0.502952 -0.702907 -0.711282 0.000000 -0.702907 0.500000
-0.496924 -0.611597 -0.615642 -0.783843 -0.081086 -0.615642 0.500000
-0.477787 -0.256555 -0.840178 -0.519258 0.156434 -0.840178 0.500000
-0.495952 -0.381200 -0.780204 -0.620240 0.081142 -0.780204 0.500000
-0.261445 -0.596736 -0.758652 -0.606825 -0.237086 -0.758652 0.500000
-0.381200 -0.495952 -0.780204 -0.620240 -0.081142 -0.780204 0.500000
-0.256555 -0.477787 -0.840178 -0.519258 -0.156434 -0.840178 0.500000
-0.285215 0.285215 -0.915043 0.000000 0.403355 -0.915043 1.000000
-0.346400 0.160212 -0.924305 -0.131655 0.358229 -0.924305 0.500000
-0.152250 -0.035941 -0.987688 -0.133071 0.082242 -0.987688 0.500000
-0.249545 0.061748 -0.966393 -0.132792 0.220117 -0.966393 0.500000
-0.097547 0.097547 -0.990439 0.000000 0.137952 -0.990439 1.000000
-0.399757 0.026287 -0.916244 -0.264083 0.301259 -0.916244 0.500000
-0.441846 -0.104306 -0.891007 -0.386187 0.238677 -0.891007 0.500000
0.249779 -0.435325 -0.864929 -0.131200 -0.484442 -0.864929 0.500000
0.160212 -0.346400 -0.924305 -0.131655 -0.358229 -0.924305 0.500000
0.285215 -0.285215 -0.915043 0.000000 -0.403355 -0.915043 1.000000
-0.104306 -0.441846 -0.891007 -0.386187 -0.238677 -0.891007 0.500000
0.026287 -0.399757 -0.916244 -0.264083 -0.301259 -0.916244 0.500000
-0.006064 -0.536448 -0.843911 -0.383614 -0.375039 -0.843911 0.500000
0.097547 -0.097547 -0.990439 0.000000 -0.137952 -0.990439 1.000000
0.061748 -0.249545 -0.966393 -0.132792 -0.220117 -0.966393 0.500000
-0.035941 -0.152250 -0.987688 -0.133071 -0.082242 -0.987688 0.500000
-0.340776 -0.224353 -0.912982 -0.399607 0.082324 -0.912982 0.500000
-0.188377 -0.188377 -0.963861 -0.266405 0.000000 -0.963861 0.500000
-0.224353 -0.340776 -0.912982 -0.399607 -0.082324 -0.912982 0.500000
-0.253306 0.554566 -0.792649 0.213023 0.571252 -0.792649 1.000000
-0.249779 0.435325 -0.864929 0.131200 0.484442 -0.864929 1.000000
-0.237134 0.762866 -0.601501 0.371748 0.707107 -0.601501 1.000000
-0.248482 0.667096 -0.702310 0.296005 0.647412 -0.702310 1.000000
0.006064 0.536448 -0.843911 0.383614 0.375039 -0.843911 1.000000
-0.120186 0.609720 -0.783452 0.346153 0.516122 -0.783452 1.000000
0.010210 0.652250 -0.757935 0.468430 0.453990 -0.757935 1.000000
-0.118936 0.989585 -0.081086 0.615642 0.783843 -0.081086 1.000000
-0.156552 0.964424 -0.213023 0.571252 0.792649 -0.213023 1.000000
0.074675 0.925325 -0.371748 0.707107 0.601501 -0.371748 1.000000
-0.038819 0.954397 -0.296005 0.647412 0.702310 -0.296005 1.000000
0.107358 0.965538 -0.237086 0.758652 0.606825 -0.237086 1.000000
-0.189031 0.918937 -0.346153 0.516122 0.783452 -0.346153 1.000000
-0.214922 0.856961 -0.468430 0.453990 0.757935 -0.468430 1.000000
0.496924 0.611597 -0.615642 0.783843 0.081086 -0.615642 1.000000
0.409858 0.711118 -0.571252 0.792649 0.213023 -0.571252 1.000000
0.518825 0.704370 -0.484442 0.864929 0.131200 -0.484442 1.000000
0.162460 0.688191 -0.707107 0.601501 0.371748 -0.707107 1.000000
0.287301 0.705915 -0.647412 0.702310 0.296005 -0.647412 1.000000
0.261445 0.596736 -0.758652 0.606825 0.237086 -0.758652 1.000000
0.325480 0.867991 -0.375039 0.843911 0.383614 -0.375039 1.000000
0.309217 0.798751 -0.516122 0.783452 0.346153 -0.516122 1.000000
0.204711 0.867171 -0.453990 0.757935 0.468430 -0.453990 1.000000
-0.094188 0.820211 -0.564254 0.513375 0.646578 -0.564254 1.000000
0.058212 0.856188 -0.513375 0.646578 0.564254 -0.513375 1.000000
0.035977 0.761999 -0.646578 0.564254 0.513375 -0.646578 1.000000
0.989585 -0.118936 0.081086 0.615642 -0.783843 0.081086 1.000000
0.964424 -0.156552 0.213023 0.571252 -0.792649 0.213023 1.000000
0.954149 -0.269045 0.131200 0.484442 -0.864929 0.131200 1.000000
0.925325 0.074675 0.371748 0.707107 -0.601501 0.371748 1.000000
0.954397 -0.038819 0.296005 0.647412 -0.702310 0.296005 1.000000
0.965538 0.107358 0.237086 0.758652 -0.606825 0.237086 1.000000
0.861928 -0.331543 0.383614 0.375039 -0.843911 0.383614 1.000000
0.918937 -0.189031 0.346153 0.516122 -0.783452 0.346153 1.000000
0.856961 -0.214922 0.468430 0.453990 -0.757935 0.468430 1.000000
0.611597 0.496924 0.615642 0.783843 -0.081086 0.615642 1.000000
0.711118 0.409858 0.571252 0.792649 -0.213023 0.571252 1.000000
0.704370 0.518825 0.484442 0.864929 -0.131200 0.484442 1.000000
0.688191 0.162460 0.707107 0.601501 -0.371748 0.707107 1.000000
0.705915 0.287301 0.647412 0.702310 -0.296005 0.647412 1.000000
0.596736 0.261445 0.758652 0.606825 -0.237086 0.758652 1.000000
0.867991 0.325480 0.375039 0.843911 -0.383614 0.375039 1.000000
0.798751 0.309217 0.516122 0.783452 -0.346153 0.516122 1.000000
0.867171 0.204711 0.453990 0.757935 -0.468430 0.453990 1.000000
0.492661 -0.377988 0.783843 0.081086 -0.615642 0.783843 1.000000
0.554566 -0.253306 0.792649 0.213023 -0.571252 0.792649 1.000000
0.435325 -0.249779 0.864929 0.131200 -0.484442 0.864929 1.000000
0.762866 -0.237134 0.601501 0.371748 -0.707107 0.601501 1.000000
0.667096 -0.248482 0.702310 0.296005 -0.647412 0.702310 1.000000
0.704094 -0.368803 0.606825 0.237086 -0.758652 0.606825 1.000000
0.536448 0.006064 0.843911 0.383614 -0.375039 0.843911 1.000000
0.609720 -0.120186 0.783452 0.346153 -0.516122 0.783452 1.000000
0.652250 0.010210 0.757935 0.468430 -0.453990 0.757935 1.000000
0.856188 0.058212 0.513375 0.646578 -0.564254 0.513375 1.000000
0.761999 0.035977 0.646578 0.564254 -0.513375 0.646578 1.000000
0.820211 -0.094188 0.564254 0.513375 -0.646578 0.564254 1.000000
0.906888 -0.400276 0.131655 0.358229 -0.924305 0.131655 1.000000
0.932249 -0.361818 0.000000 0.403355 -0.915043 0.000000 1.000000
0.798807 -0.461267 0.386187 0.238677 -0.891007 0.386187 1.000000
0.860905 -0.434860 0.264083 0.301259 -0.916244 0.264083 1.000000
0.797893 -0.602799 0.000000 0.137952 -0.990439 0.000000 1.000000
0.838989 -0.527697 0.132792 0.220117 -0.966393 0.132792 1.000000
0.756555 -0.640247 0.133071 0.082242 -0.987688 0.133071 1.000000
0.377988 -0.492661 0.783843 -0.081086 -0.615642 0.783843 0.500000
0.497030 -0.497030 0.711282 0.000000 -0.702907 0.711282 1.000000
0.483480 -0.704711 0.519258 -0.156434 -0.840178 0.519258 0.500000
0.494312 -0.609064 0.620240 -0.081142 -0.780204 0.620240 0.500000
0.368803 -0.704094 0.606825 -0.237086 -0.758652 0.606825 0.500000
0.609064 -0.494312 0.620240 0.081142 -0.780204 0.620240 1.000000
0.704711 -0.483480 0.519258 0.156434 -0.840178 0.519258 1.000000
0.361818 -0.932249 0.000000 -0.403355 -0.915043 0.000000 0.500000
0.400276 -0.906888 0.131655 -0.358229 -0.924305 0.131655 0.500000
0.269045 -0.954149 0.131200 -0.484442 -0.864929 0.131200 0.500000
0.640247 -0.756555 0.133071 -0.082242 -0.987688 0.133071 0.500000
0.527697 -0.838989 0.132792 -0.220117 -0.966393 0.132792 0.500000
0.602799 -0.797893 0.000000 -0.137952 -0.990439 0.000000 0.500000
0.331543 -0.861928 0.383614 -0.375039 -0.843911 0.383614 0.500000
0.434860 -0.860905 0.264083 -0.301259 -0.916244 0.264083 0.500000
0.461267 -0.798807 0.386187 -0.238677 -0.891007 0.386187 0.500000
0.703788 -0.587365 0.399607 0.082324 -0.912982 0.399607 1.000000
0.587365 -0.703788 0.399607 -0.082324 -0.912982 0.399607 0.500000
0.681553 -0.681553 0.266405 0.000000 -0.963861 0.266405 1.000000
0.906888 -0.400276 -0.131655 0.358229 -0.924305 -0.131655 1.000000
0.954149 -0.269045 -0.131200 0.484442 -0.864929 -0.131200 1.000000
0.756555 -0.640247 -0.133071 0.082242 -0.987688 -0.133071 1.000000
0.838989 -0.527697 -0.132792 0.220117 -0.966393 -0.132792 1.000000
0.861928 -0.331543 -0.383614 0.375039 -0.843911 -0.383614 1.000000
0.860905 -0.434860 -0.264083 0.301259 -0.916244 -0.264083 1.000000
0.798807 -0.461267 -0.386187 0.238677 -0.891007 -0.386187 1.000000
0.269045 -0.954149 -0.131200 -0.484442 -0.864929 -0.131200 0.500000
0.400276 -0.906888 -0.131655 -0.358229 -0.924305 -0.131655 0.500000
0.461267 -0.798807 -0.386187 -0.238677 -0.891007 -0.386187 0.500000
0.434860 -0.860905 -0.264083 -0.301259 -0.916244 -0.264083 0.500000
0.331543 -0.861928 -0.383614 -0.375039 -0.843911 -0.383614 0.500000
0.527697 -0.838989 -0.132792 -0.220117 -0.966393 -0.132792 0.500000
0.640247 -0.756555 -0.133071 -0.082242 -0.987688 -0.133071 0.500000
0.492661 -0.377988 -0.783843 0.081086 -0.615642 -0.783843 1.000000
0.497030 -0.497030 -0.711282 0.000000 -0.702907 -0.711282 1.000000
0.377988 -0.492661 -0.783843 -0.081086 -0.615642 -0.783843 0.500000
0.704711 -0.483480 -0.519258 0.156434 -0.840178 -0.519258 1.000000
0.609064 -0.494312 -0.620240 0.081142 -0.780204 -0.620240 1.000000
0.704094 -0.368803 -0.606825 0.237086 -0.758652 -0.606825 1.000000
0.368803 -0.704094 -0.606825 -0.237086 -0.758652 -0.606825 0.500000
0.494312 -0.609064 -0.620240 -0.081142 -0.780204 -0.620240 0.500000
0.483480 -0.704711 -0.519258 -0.156434 -0.840178 -0.519258 0.500000
0.681553 -0.681553 -0.266405 0.000000 -0.963861 -0.266405 1.000000
0.587365 -0.703788 -0.399607 -0.082324 -0.912982 -0.399607 0.500000
0.703788 -0.587365 -0.399607 0.082324 -0.912982 -0.399607 1.000000
0.964424 -0.156552 -0.213023 0.571252 -0.792649 -0.213023 1.000000
0.989585 -0.118936 -0.081086 0.615642 -0.783843 -0.081086 1.000000
0.856961 -0.214922 -0.468430 0.453990 -0.757935 -0.468430 1.000000
0.918937 -0.189031 -0.346153 0.516122 -0.783452 -0.346153 1.000000
0.965538 0.107358 -0.237086 0.758652 -0.606825 -0.237086 1.000000
0.954397 -0.038819 -0.296005 0.647412 -0.702310 -0.296005 1.000000
0.925325 0.074675 -0.371748 0.707107 -0.601501 -0.371748 1.000000
0.435325 -0.249779 -0.864929 0.131200 -0.484442 -0.864929 1.000000
0.554566 -0.253306 -0.792649 0.213023 -0.571252 -0.792649 1.000000
0.652250 0.010210 -0.757935 0.468430 -0.453990 -0.757935 1.000000
0.609720 -0.120186 -0.783452 0.346153 -0.516122 -0.783452 1.000000
0.536448 0.006064 -0.843911 0.383614 -0.375039 -0.843911 1.000000
0.667096 -0.248482 -0.702310 0.296005 -0.647412 -0.702310 1.000000
0.762866 -0.237134 -0.601501 0.371748 -0.707107 -0.601501 1.000000
0.704370 0.518825 -0.484442 0.864929 -0.131200 -0.484442 1.000000
0.711118 0.409858 -0.571252 0.792649 -0.213023 -0.571252 1.000000
0.611597 0.496924 -0.615642 0.783843 -0.081086 -0.615642 1.000000
0.867171 0.204711 -0.453990 0.757935 -0.468430 -0.453990 1.000000
0.798751 0.309217 -0.516122 0.783452 -0.346153 -0.516122 1.000000
0.867991 0.325480 -0.375039 0.843911 -0.383614 -0.375039 1.000000
0.596736 0.261445 -0.758652 0.606825 -0.237086 -0.758652 1.000000
0.705915 0.287301 -0.647412 0.702310 -0.296005 -0.647412 1.000000
0.688191 0.162460 -0.707107 0.601501 -0.371748 -0.707107 1.000000
0.820211 -0.094188 -0.564254 0.513375 -0.646578 -0.564254 1.000000
0.761999 0.035977 -0.646578 0.564254 -0.513375 -0.646578 1.000000
0.856188 0.058212 -0.513375 0.646578 -0.564254 -0.513375 1.000000
0.999982 -0.005922 0.000000 0.702907 -0.711282 0.000000 1.000000
0.961267 0.226924 -0.156434 0.840178 -0.519258 -0.156434 1.000000
0.990263 0.113112 -0.081142 0.780204 -0.620240 -0.081142 1.000000
0.990263 0.113112 0.081142 0.780204 -0.620240 0.081142 1.000000
0.961267 0.226924 0.156434 0.840178 -0.519258 0.156434 1.000000
0.647033 0.647033 -0.403355 0.915043 0.000000 -0.403355 1.000000
0.746676 0.560488 -0.358229 0.924305 -0.131655 -0.358229 1.000000
0.792497 0.604306 -0.082242 0.987688 -0.133071 -0.082242 1.000000
0.777241 0.589444 -0.220117 0.966393 -0.132792 -0.220117 1.000000
0.700346 0.700346 -0.137952 0.990439 0.000000 -0.137952 1.000000
0.834617 0.461148 -0.301259 0.916244 -0.264083 -0.301259 1.000000
0.903112 0.356961 -0.238677 0.891007 -0.386187 -0.238677 1.000000
0.746676 0.560488 0.358229 0.924305 -0.131655 0.358229 1.000000
0.647033 0.647033 0.403355 0.915043 0.000000 0.403355 1.000000
0.903112 0.356961 0.238677 0.891007 -0.386187 0.238677 1.000000
0.834617 0.461148 0.301259 0.916244 -0.264083 0.301259 1.000000
0.700346 0.700346 0.137952 0.990439 0.000000 0.137952 1.000000
0.777241 0.589444 0.220117 0.966393 -0.132792 0.220117 1.000000
0.792497 0.604306 0.082242 0.987688 -0.133071 0.082242 1.000000
0.928141 0.363011 -0.082324 0.912982 -0.399607 -0.082324 1.000000
0.869929 0.493176 0.000000 0.963861 -0.266405 0.000000 1.000000
0.928141 0.363011 0.082324 0.912982 -0.399607 0.082324 1.000000
0.346400 -0.160212 0.924305 0.131655 -0.358229 0.924305 1.000000
0.441846 0.104306 0.891007 0.386187 -0.238677 0.891007 1.000000
0.399757 -0.026287 0.916244 0.264083 -0.301259 0.916244 1.000000
0.249545 -0.061748 0.966393 0.132792 -0.220117 0.966393 1.000000
0.152250 0.035941 0.987688 0.133071 -0.082242 0.987688 1.000000
0.502952 0.502952 0.702907 0.711282 0.000000 0.702907 1.000000
0.256555 0.477787 0.840178 0.519258 0.156434 0.840178 1.000000
0.381200 0.495952 0.780204 0.620240 0.081142 0.780204 1.000000
0.495952 0.381200 0.780204 0.620240 -0.081142 0.780204 1.000000
0.477787 0.256555 0.840178 0.519258 -0.156434 0.840178 1.000000
-0.160212 0.346400 0.924305 0.131655 0.358229 0.924305 1.000000
0.035941 0.152250 0.987688 0.133071 0.082242 0.987688 1.000000
-0.061748 0.249545 0.966393 0.132792 0.220117 0.966393 1.000000
-0.026287 0.399757 0.916244 0.264083 0.301259 0.916244 1.000000
0.104306 0.441846 0.891007 0.386187 0.238677 0.891007 1.000000
0.340776 0.224353 0.912982 0.399607 -0.082324 0.912982 1.000000
0.224353 0.340776 0.912982 0.399607 0.082324 0.912982 1.000000
0.188377 0.188377 0.963861 0.266405 0.000000 0.963861 1.000000
0.156552 -0.964424 0.213023 -0.571252 -0.792649 0.213023 0.500000
0.214922 -0.856961 0.468430 -0.453990 -0.757935 0.468430 0.500000
0.189031 -0.918937 0.346153 -0.516122 -0.783452 0.346153 0.500000
0.038819 -0.954397 0.296005 -0.647412 -0.702310 0.296005 0.500000
-0.074675 -0.925325 0.371748 -0.707107 -0.601501 0.371748 0.500000
0.253306 -0.554566 0.792649 -0.213023 -0.571252 0.792649 0.500000
-0.010210 -0.652250 0.757935 -0.468430 -0.453990 0.757935 0.500000
0.120186 -0.609720 0.783452 -0.346153 -0.516122 0.783452 0.500000
0.248482 -0.667096 0.702310 -0.296005 -0.647412 0.702310 0.500000
0.237134 -0.762866 0.601501 -0.371748 -0.707107 0.601501 0.500000
-0.409858 -0.711118 0.571252 -0.792649 -0.213023 0.571252 0.500000
-0.204711 -0.867171 0.453990 -0.757935 -0.468430 0.453990 0.500000
-0.309217 -0.798751 0.516122 -0.783452 -0.346153 0.516122 0.500000
-0.287301 -0.705915 0.647412 -0.702310 -0.296005 0.647412 0.500000
-0.162460 -0.688191 0.707107 -0.601501 -0.371748 0.707107 0.500000
0.094188 -0.820211 0.564254 -0.513375 -0.646578 0.564254 0.500000
-0.035977 -0.761999 0.646578 -0.564254 -0.513375 0.646578 0.500000
-0.058212 -0.856188 0.513375 -0.646578 -0.564254 0.513375 0.500000
0.253306 -0.554566 -0.792649 -0.213023 -0.571252 -0.792649 0.500000
0.237134 -0.762866 -0.601501 -0.371748 -0.707107 -0.601501 0.500000
0.248482 -0.667096 -0.702310 -0.296005 -0.647412 -0.702310 0.500000
0.120186 -0.609720 -0.783452 -0.346153 -0.516122 -0.783452 0.500000
-0.010210 -0.652250 -0.757935 -0.468430 -0.453990 -0.757935 0.500000
0.156552 -0.964424 -0.213023 -0.571252 -0.792649 -0.213023 0.500000
-0.074675 -0.925325 -0.371748 -0.707107 -0.601501 -0.371748 0.500000
0.038819 -0.954397 -0.296005 -0.647412 -0.702310 -0.296005 0.500000
0.189031 -0.918937 -0.346153 -0.516122 -0.783452 -0.346153 0.500000
0.214922 -0.856961 -0.468430 -0.453990 -0.757935 -0.468430 0.500000
-0.409858 -0.711118 -0.571252 -0.792649 -0.213023 -0.571252 0.500000
-0.162460 -0.688191 -0.707107 -0.601501 -0.371748 -0.707107 0.500000
-0.287301 -0.705915 -0.647412 -0.702310 -0.296005 -0.647412 0.500000
-0.309217 -0.798751 -0.516122 -0.783452 -0.346153 -0.516122 0.500000
-0.204711 -0.867171 -0.453990 -0.757935 -0.468430 -0.453990 0.500000
0.094188 -0.820211 -0.564254 -0.513375 -0.646578 -0.564254 0.500000
-0.058212 -0.856188 -0.513375 -0.646578 -0.564254 -0.513375 0.500000
-0.035977 -0.761999 -0.646578 -0.564254 -0.513375 -0.646578 0.500000
0.502952 0.502952 -0.702907 0.711282 0.000000 -0.702907 1.000000
0.477787 0.256555 -0.840178 0.519258 -0.156434 -0.840178 1.000000
0.495952 0.381200 -0.780204 0.620240 -0.081142 -0.780204 1.000000
0.381200 0.495952 -0.780204 0.620240 0.081142 -0.780204 1.000000
0.256555 0.477787 -0.840178 0.519258 0.156434 -0.840178 1.000000
0.346400 -0.160212 -0.924305 0.131655 -0.358229 -0.924305 1.000000
0.152250 0.035941 -0.987688 0.133071 -0.082242 -0.987688 1.000000
0.249545 -0.061748 -0.966393 0.132792 -0.220117 -0.966393 1.000000
0.399757 -0.026287 -0.916244 0.264083 -0.301259 -0.916244 1.000000
0.441846 0.104306 -0.891007 0.386187 -0.238677 -0.891007 1.000000
-0.160212 0.346400 -0.924305 0.131655 0.358229 -0.924305 1.000000
0.104306 0.441846 -0.891007 0.386187 0.238677 -0.891007 1.000000
-0.026287 0.399757 -0.916244 0.264083 0.301259 -0.916244 1.000000
-0.061748 0.249545 -0.966393 0.132792 0.220117 -0.966393 1.000000
0.035941 0.152250 -0.987688 0.133071 0.082242 -0.987688 1.000000
0.340776 0.224353 -0.912982 0.399607 -0.082324 -0.912982 1.000000
0.188377 0.188377 -0.963861 0.266405 0.000000 -0.963861 1.000000
0.224353 0.340776 -0.912982 0.399607 0.082324 -0.912982 1.000000
0.560488 0.746676 0.358229 0.924305 0.131655 0.358229 1.000000
0.604306 0.792497 0.082242 0.987688 0.133071 0.082242 1.000000
0.589444 0.777241 0.220117 0.966393 0.132792 0.220117 1.000000
0.461148 0.834617 0.301259 0.916244 0.264083 0.301259 1.000000
0.356961 0.903112 0.238677 0.891007 0.386187 0.238677 1.000000
0.560488 0.746676 -0.358229 0.924305 0.131655 -0.358229 1.000000
0.356961 0.903112 -0.238677 0.891007 0.386187 -0.238677 1.000000
0.461148 0.834617 -0.301259 0.916244 0.264083 -0.301259 1.000000
0.589444 0.777241 -0.220117 0.966393 0.132792 -0.220117 1.000000
0.604306 0.792497 -0.082242 0.987688 0.133071 -0.082242 1.000000
-0.005922 0.999982 0.000000 0.702907 0.711282 0.000000 1.000000
0.226924 0.961267 0.156434 0.840178 0.519258 0.156434 1.000000
0.113112 0.990263 0.081142 0.780204 0.620240 0.081142 1.000000
0.113112 0.990263 -0.081142 0.780204 0.620240 -0.081142 1.000000
0.226924 0.961267 -0.156434 0.840178 0.519258 -0.156434 1.000000
0.493176 0.869929 0.000000 0.963861 0.266405 0.000000 1.000000
0.363011 0.928141 -0.082324 0.912982 0.399607 -0.082324 1.000000
0.363011 0.928141 0.082324 0.912982 0.399607 0.082324 1.000000
-0.973249 0.229753 0.000000 -0.525731 0.850651 0.000000 0.500000
-0.229753 0.973249 0.000000 0.525731 0.850651 0.000000 1.000000
0.229753 -0.973249 0.000000 -0.525731 -0.850651 0.000000 0.500000
0.973249 -0.229753 0.000000 0.525731 -0.850651 0.000000 1.000000
0.371748 -0.371748 0.850651 0.000000 -0.525731 0.850651 1.000000
-0.371748 0.371748 0.850651 0.000000 0.525731 0.850651 1.000000
0.371748 -0.371748 -0.850651 0.000000 -0.525731 -0.850651 1.000000
-0.371748 0.371748 -0.850651 0.000000 0.525731 -0.850651 1.000000
0.601501 0.601501 -0.525731 0.850651 0.000000 -0.525731 1.000000
0.601501 0.601501 0.525731 0.850651 0.000000 0.525731 1.000000
-0.601501 -0.601501 -0.525731 -0.850651 0.000000 -0.525731 0.500000
-0.601501 -0.601501 0.525731 -0.850651 0.000000 0.525731 0.500000
