642
-0.525731 0.425325 0.736685 -0.525731 0.850651 0.000000 10.0
0.525731 0.425325 0.736685 0.525731 0.850651 0.000000 10.0
-0.525731 -0.425325 -0.736685 -0.525731 -0.850651 0.000000 10.0
0.525731 -0.425325 -0.736685 0.525731 -0.850651 0.000000 10.0
0.000000 -0.999551 -0.029971 0.000000 -0.525731 0.850651 10.0
0.000000 -0.473820 0.880622 0.000000 0.525731 0.850651 10.0
0.000000 0.473820 -0.880622 0.000000 -0.525731 -0.850651 0.1
0.000000 0.999551 0.029971 0.000000 0.525731 -0.850651 0.1
0.850651 0.455296 -0.262866 0.850651 0.000000 -0.525731 0.1
0.850651 -0.455296 0.262866 0.850651 0.000000 0.525731 10.0
-0.850651 0.455296 -0.262866 -0.850651 0.000000 -0.525731 0.1
-0.850651 -0.455296 0.262866 -0.850651 0.000000 0.525731 10.0
-0.809017 -0.017617 0.587521 -0.809017 0.500000 0.309017 10.0
-0.500000 -0.546121 0.672125 -0.500000 0.309017 0.809017 10.0
-0.309017 -0.028504 0.950629 -0.309017 0.809017 0.500000 10.0
0.309017 -0.028504 0.950629 0.309017 0.809017 0.500000 10.0
0.000000 0.500000 0.866025 0.000000 1.000000 0.000000 10.0
0.309017 0.837521 0.450629 0.309017 0.809017 -0.500000 0.1
-0.309017 0.837521 0.450629 -0.309017 0.809017 -0.500000 0.1
-0.500000 0.855138 -0.136892 -0.500000 0.309017 -0.809017 0.1
-0.809017 0.517617 0.278504 -0.809017 0.500000 -0.309017 0.1
-1.000000 0.000000 0.000000 -1.000000 0.000000 0.000000 10.0
0.500000 -0.546121 0.672125 0.500000 0.309017 0.809017 10.0
0.809017 -0.017617 0.587521 0.809017 0.500000 0.309017 10.0
-0.500000 -0.855138 0.136892 -0.500000 -0.309017 0.809017 10.0
0.000000 -0.866025 0.500000 0.000000 0.000000 1.000000 10.0
-0.809017 0.017617 -0.587521 -0.809017 -0.500000 -0.309017 0.1
-0.809017 -0.517617 -0.278504 -0.809017 -0.500000 0.309017 10.0
0.000000 0.866025 -0.500000 0.000000 0.000000 -1.000000 0.1
-0.500000 0.546121 -0.672125 -0.500000 -0.309017 -0.809017 0.1
0.809017 0.517617 0.278504 0.809017 0.500000 -0.309017 0.1
0.500000 0.855138 -0.136892 0.500000 0.309017 -0.809017 0.1
0.809017 -0.517617 -0.278504 0.809017 -0.500000 0.309017 10.0
0.500000 -0.855138 0.136892 0.500000 -0.309017 0.809017 10.0
0.309017 -0.837521 -0.450629 0.309017 -0.809017 0.500000 10.0
-0.309017 -0.837521 -0.450629 -0.309017 -0.809017 0.500000 10.0
0.000000 -0.500000 -0.866025 0.000000 -1.000000 0.000000 10.0
-0.309017 0.028504 -0.950629 -0.309017 -0.809017 -0.500000 0.1
0.309017 0.028504 -0.950629 0.309017 -0.809017 -0.500000 0.1
0.500000 0.546121 -0.672125 0.500000 -0.309017 -0.809017 0.1
0.809017 0.017617 -0.587521 0.809017 -0.500000 -0.309017 0.1
1.000000 0.000000 0.000000 1.000000 0.000000 0.000000 10.0
-0.693780 0.211920 0.688301 -0.693780 0.702046 0.160622 10.0
-0.587785 -0.024247 0.808654 -0.587785 0.688191 0.425325 10.0
-0.433889 0.206261 0.877039 -0.433889 0.862668 0.259892 10.0
-0.702046 -0.520521 0.485993 -0.702046 0.160622 0.693780 10.0
-0.688191 -0.296374 0.662235 -0.688191 0.425325 0.587785 10.0
-0.862668 -0.245813 0.442017 -0.862668 0.259892 0.433889 10.0
-0.160622 -0.261100 0.951855 -0.160622 0.693780 0.702046 10.0
-0.425325 -0.302098 0.853132 -0.425325 0.587785 0.688191 10.0
-0.259892 -0.530149 0.807093 -0.259892 0.433889 0.862668 10.0
-0.162460 0.247880 0.955072 -0.162460 0.951057 0.262866 10.0
-0.273267 0.480969 0.833063 -0.273267 0.961938 0.000000 10.0
0.160622 -0.261100 0.951855 0.160622 0.693780 0.702046 10.0
0.000000 -0.029971 0.999551 0.000000 0.850651 0.525731 10.0
0.273267 0.480969 0.833063 0.273267 0.961938 0.000000 10.0
0.162460 0.247880 0.955072 0.162460 0.951057 0.262866 10.0
0.433889 0.206261 0.877039 0.433889 0.862668 0.259892 10.0
-0.162460 0.703177 0.692206 -0.162460 0.951057 -0.262866 0.1
-0.433889 0.656407 0.617147 -0.433889 0.862668 -0.259892 0.1
0.433889 0.656407 0.617147 0.433889 0.862668 -0.259892 0.1
0.162460 0.703177 0.692206 0.162460 0.951057 -0.262866 0.1
-0.160622 0.954880 0.249808 -0.160622 0.693780 -0.702046 0.1
0.000000 0.880622 0.473820 0.000000 0.850651 -0.525731 0.1
0.160622 0.954880 0.249808 0.160622 0.693780 -0.702046 0.1
-0.587785 0.712438 0.383328 -0.587785 0.688191 -0.425325 0.1
-0.693780 0.490126 0.527679 -0.693780 0.702046 -0.160622 0.1
-0.259892 0.964037 -0.055576 -0.259892 0.433889 -0.862668 0.1
-0.425325 0.889883 0.164941 -0.425325 0.587785 -0.688191 0.1
-0.862668 0.505704 0.008129 -0.862668 0.259892 -0.433889 0.1
-0.688191 0.721700 0.074450 -0.688191 0.425325 -0.587785 0.1
-0.702046 0.681143 -0.207787 -0.702046 0.160622 -0.693780 0.1
-0.850651 0.262866 0.455296 -0.850651 0.525731 0.000000 10.0
-0.961938 0.236656 -0.136633 -0.961938 0.000000 -0.273267 0.1
-0.951057 0.272127 0.146418 -0.951057 0.262866 -0.162460 0.1
-0.951057 -0.009262 0.308878 -0.951057 0.262866 0.162460 10.0
-0.961938 -0.236656 0.136633 -0.961938 0.000000 0.273267 10.0
0.587785 -0.024247 0.808654 0.587785 0.688191 0.425325 10.0
0.693780 0.211920 0.688301 0.693780 0.702046 0.160622 10.0
0.259892 -0.530149 0.807093 0.259892 0.433889 0.862668 10.0
0.425325 -0.302098 0.853132 0.425325 0.587785 0.688191 10.0
0.862668 -0.245813 0.442017 0.862668 0.259892 0.433889 10.0
0.688191 -0.296374 0.662235 0.688191 0.425325 0.587785 10.0
0.702046 -0.520521 0.485993 0.702046 0.160622 0.693780 10.0
-0.262866 -0.742409 0.616223 -0.262866 0.162460 0.951057 10.0
0.000000 -0.696430 0.717625 0.000000 0.273267 0.961938 10.0
-0.702046 -0.681143 0.207787 -0.702046 -0.160622 0.693780 10.0
-0.525731 -0.736685 0.425325 -0.525731 0.000000 0.850651 10.0
0.000000 -0.969696 0.244313 0.000000 -0.273267 0.961938 10.0
-0.262866 -0.904869 0.334834 -0.262866 -0.162460 0.951057 10.0
-0.259892 -0.964037 0.055576 -0.259892 -0.433889 0.862668 10.0
-0.951057 -0.272127 -0.146418 -0.951057 -0.262866 0.162460 10.0
-0.862668 -0.505704 -0.008129 -0.862668 -0.259892 0.433889 10.0
-0.862668 0.245813 -0.442017 -0.862668 -0.259892 -0.433889 0.1
-0.951057 0.009262 -0.308878 -0.951057 -0.262866 -0.162460 0.1
-0.693780 -0.490126 -0.527679 -0.693780 -0.702046 0.160622 10.0
-0.850651 -0.262866 -0.455296 -0.850651 -0.525731 0.000000 10.0
-0.693780 -0.211920 -0.688301 -0.693780 -0.702046 -0.160622 0.1
-0.525731 0.736685 -0.425325 -0.525731 0.000000 -0.850651 0.1
-0.702046 0.520521 -0.485993 -0.702046 -0.160622 -0.693780 0.1
0.000000 0.969696 -0.244313 0.000000 0.273267 -0.961938 0.1
-0.262866 0.904869 -0.334834 -0.262866 0.162460 -0.951057 0.1
-0.259892 0.530149 -0.807093 -0.259892 -0.433889 -0.862668 0.1
-0.262866 0.742409 -0.616223 -0.262866 -0.162460 -0.951057 0.1
0.000000 0.696430 -0.717625 0.000000 -0.273267 -0.961938 0.1
0.425325 0.889883 0.164941 0.425325 0.587785 -0.688191 0.1
0.259892 0.964037 -0.055576 0.259892 0.433889 -0.862668 0.1
0.693780 0.490126 0.527679 0.693780 0.702046 -0.160622 0.1
0.587785 0.712438 0.383328 0.587785 0.688191 -0.425325 0.1
0.702046 0.681143 -0.207787 0.702046 0.160622 -0.693780 0.1
0.688191 0.721700 0.074450 0.688191 0.425325 -0.587785 0.1
0.862668 0.505704 0.008129 0.862668 0.259892 -0.433889 0.1
0.693780 -0.490126 -0.527679 0.693780 -0.702046 0.160622 10.0
0.587785 -0.712438 -0.383328 0.587785 -0.688191 0.425325 10.0
0.433889 -0.656407 -0.617147 0.433889 -0.862668 0.259892 10.0
0.702046 -0.681143 0.207787 0.702046 -0.160622 0.693780 10.0
0.688191 -0.721700 -0.074450 0.688191 -0.425325 0.587785 10.0
0.862668 -0.505704 -0.008129 0.862668 -0.259892 0.433889 10.0
0.160622 -0.954880 -0.249808 0.160622 -0.693780 0.702046 10.0
0.425325 -0.889883 -0.164941 0.425325 -0.587785 0.688191 10.0
0.259892 -0.964037 0.055576 0.259892 -0.433889 0.862668 10.0
0.162460 -0.703177 -0.692206 0.162460 -0.951057 0.262866 10.0
0.273267 -0.480969 -0.833063 0.273267 -0.961938 0.000000 10.0
-0.160622 -0.954880 -0.249808 -0.160622 -0.693780 0.702046 10.0
0.000000 -0.880622 -0.473820 0.000000 -0.850651 0.525731 10.0
-0.273267 -0.480969 -0.833063 -0.273267 -0.961938 0.000000 10.0
-0.162460 -0.703177 -0.692206 -0.162460 -0.951057 0.262866 10.0
-0.433889 -0.656407 -0.617147 -0.433889 -0.862668 0.259892 10.0
0.162460 -0.247880 -0.955072 0.162460 -0.951057 -0.262866 0.1
0.433889 -0.206261 -0.877039 0.433889 -0.862668 -0.259892 0.1
-0.433889 -0.206261 -0.877039 -0.433889 -0.862668 -0.259892 0.1
-0.162460 -0.247880 -0.955072 -0.162460 -0.951057 -0.262866 0.1
0.160622 0.261100 -0.951855 0.160622 -0.693780 -0.702046 0.1
0.000000 0.029971 -0.999551 0.000000 -0.850651 -0.525731 0.1
-0.160622 0.261100 -0.951855 -0.160622 -0.693780 -0.702046 0.1
0.587785 0.024247 -0.808654 0.587785 -0.688191 -0.425325 0.1
0.693780 -0.211920 -0.688301 0.693780 -0.702046 -0.160622 0.1
0.259892 0.530149 -0.807093 0.259892 -0.433889 -0.862668 0.1
0.425325 0.302098 -0.853132 0.425325 -0.587785 -0.688191 0.1
0.862668 0.245813 -0.442017 0.862668 -0.259892 -0.433889 0.1
0.688191 0.296374 -0.662235 0.688191 -0.425325 -0.587785 0.1
0.702046 0.520521 -0.485993 0.702046 -0.160622 -0.693780 0.1
0.850651 -0.262866 -0.455296 0.850651 -0.525731 0.000000 10.0
0.961938 0.236656 -0.136633 0.961938 0.000000 -0.273267 0.1
0.951057 0.009262 -0.308878 0.951057 -0.262866 -0.162460 0.1
0.951057 -0.272127 -0.146418 0.951057 -0.262866 0.162460 10.0
0.961938 -0.236656 0.136633 0.961938 0.000000 0.273267 10.0
0.262866 -0.904869 0.334834 0.262866 -0.162460 0.951057 10.0
0.525731 -0.736685 0.425325 0.525731 0.000000 0.850651 10.0
0.262866 -0.742409 0.616223 0.262866 0.162460 0.951057 10.0
-0.587785 -0.712438 -0.383328 -0.587785 -0.688191 0.425325 10.0
-0.425325 -0.889883 -0.164941 -0.425325 -0.587785 0.688191 10.0
-0.688191 -0.721700 -0.074450 -0.688191 -0.425325 0.587785 10.0
-0.425325 0.302098 -0.853132 -0.425325 -0.587785 -0.688191 0.1
-0.587785 0.024247 -0.808654 -0.587785 -0.688191 -0.425325 0.1
-0.688191 0.296374 -0.662235 -0.688191 -0.425325 -0.587785 0.1
0.525731 0.736685 -0.425325 0.525731 0.000000 -0.850651 0.1
0.262866 0.742409 -0.616223 0.262866 -0.162460 -0.951057 0.1
0.262866 0.904869 -0.334834 0.262866 0.162460 -0.951057 0.1
0.951057 -0.009262 0.308878 0.951057 0.262866 0.162460 10.0
0.951057 0.272127 0.146418 0.951057 0.262866 -0.162460 0.1
0.850651 0.262866 0.455296 0.850651 0.525731 0.000000 10.0
-0.615642 0.321699 0.719371 -0.615642 0.783843 0.081086 10.0
-0.571252 0.211841 0.792966 -0.571252 0.792649 0.213023 10.0
-0.484442 0.318842 0.814651 -0.484442 0.864929 0.131200 10.0
-0.707107 -0.021193 0.706789 -0.707107 0.601501 0.371748 10.0
-0.647412 0.094807 0.756220 -0.647412 0.702310 0.296005 10.0
-0.758652 0.098090 0.644069 -0.758652 0.606825 0.237086 10.0
-0.375039 0.089736 0.922656 -0.375039 0.843911 0.383614 10.0
-0.516122 0.091949 0.851566 -0.516122 0.783452 0.346153 10.0
-0.453990 -0.026704 0.890606 -0.453990 0.757935 0.468430 10.0
-0.783843 -0.492618 0.378044 -0.783843 0.081086 0.615642 10.0
-0.792649 -0.388207 0.470109 -0.792649 0.213023 0.571252 10.0
-0.864929 -0.353939 0.355844 -0.864929 0.131200 0.484442 10.0
-0.601501 -0.426498 0.675497 -0.601501 0.371748 0.707107 10.0
-0.702310 -0.412673 0.580053 -0.702310 0.296005 0.647412 10.0
-0.606825 -0.538469 0.584649 -0.606825 0.237086 0.758652 10.0
-0.843911 -0.132986 0.519739 -0.843911 0.383614 0.375039 10.0
-0.783452 -0.273898 0.557838 -0.783452 0.346153 0.516122 10.0
-0.757935 -0.158952 0.632667 -0.757935 0.468430 0.453990 10.0
-0.081086 -0.371007 0.925083 -0.081086 0.615642 0.783843 10.0
-0.213023 -0.400829 0.891043 -0.213023 0.571252 0.792649 10.0
-0.131200 -0.506830 0.852003 -0.131200 0.484442 0.864929 10.0
-0.371748 -0.167362 0.913123 -0.371748 0.707107 0.601501 10.0
-0.296005 -0.284512 0.911830 -0.296005 0.647412 0.702310 10.0
-0.237086 -0.146200 0.960425 -0.237086 0.758652 0.606825 10.0
-0.383614 -0.543329 0.746749 -0.383614 0.375039 0.843911 10.0
-0.346153 -0.420428 0.838700 -0.346153 0.516122 0.783452 10.0
-0.468430 -0.429396 0.772135 -0.468430 0.453990 0.757935 10.0
-0.646578 -0.162469 0.745346 -0.646578 0.564254 0.513375 10.0
-0.564254 -0.303265 0.767885 -0.564254 0.513375 0.646578 10.0
-0.513375 -0.165370 0.842080 -0.513375 0.646578 0.564254 10.0
-0.358229 0.348135 0.866299 -0.358229 0.924305 0.131655 10.0
-0.403355 0.457522 0.792451 -0.403355 0.915043 0.000000 10.0
-0.238677 0.111055 0.964728 -0.238677 0.891007 0.386187 10.0
-0.301259 0.229420 0.925532 -0.301259 0.916244 0.264083 10.0
-0.137952 0.495219 0.857745 -0.137952 0.990439 0.000000 10.0
-0.220117 0.368195 0.903317 -0.220117 0.966393 0.132792 10.0
-0.082242 0.378601 0.921899 -0.082242 0.987688 0.133071 10.0
0.081086 -0.371007 0.925083 0.081086 0.615642 0.783843 10.0
0.000000 -0.264535 0.964376 0.000000 0.702907 0.711282 10.0
0.156434 -0.029602 0.987245 0.156434 0.840178 0.519258 10.0
0.081142 -0.147041 0.985797 0.081142 0.780204 0.620240 10.0
0.237086 -0.146200 0.960425 0.237086 0.758652 0.606825 10.0
-0.081142 -0.147041 0.985797 -0.081142 0.780204 0.620240 10.0
-0.156434 -0.029602 0.987245 -0.156434 0.840178 0.519258 10.0
0.403355 0.457522 0.792451 0.403355 0.915043 0.000000 10.0
0.358229 0.348135 0.866299 0.358229 0.924305 0.131655 10.0
0.484442 0.318842 0.814651 0.484442 0.864929 0.131200 10.0
0.082242 0.378601 0.921899 0.082242 0.987688 0.133071 10.0
0.220117 0.368195 0.903317 0.220117 0.966393 0.132792 10.0
0.137952 0.495219 0.857745 0.137952 0.990439 0.000000 10.0
0.375039 0.089736 0.922656 0.375039 0.843911 0.383614 10.0
0.301259 0.229420 0.925532 0.301259 0.916244 0.264083 10.0
0.238677 0.111055 0.964728 0.238677 0.891007 0.386187 10.0
-0.082324 0.110421 0.990470 -0.082324 0.912982 0.399607 10.0
0.082324 0.110421 0.990470 0.082324 0.912982 0.399607 10.0
0.000000 0.251217 0.967931 0.000000 0.963861 0.266405 10.0
-0.358229 0.576169 0.734644 -0.358229 0.924305 -0.131655 0.1
-0.484442 0.546088 0.683451 -0.484442 0.864929 -0.131200 0.1
-0.082242 0.609087 0.788828 -0.082242 0.987688 -0.133071 0.1
-0.220117 0.598198 0.770524 -0.220117 0.966393 -0.132792 0.1
-0.375039 0.754175 0.539042 -0.375039 0.843911 -0.383614 0.1
-0.301259 0.686824 0.661449 -0.301259 0.916244 -0.264083 0.1
-0.238677 0.779951 0.578541 -0.238677 0.891007 -0.386187 0.1
0.484442 0.546088 0.683451 0.484442 0.864929 -0.131200 0.1
0.358229 0.576169 0.734644 0.358229 0.924305 -0.131655 0.1
0.238677 0.779951 0.578541 0.238677 0.891007 -0.386187 0.1
0.301259 0.686824 0.661449 0.301259 0.916244 -0.264083 0.1
0.375039 0.754175 0.539042 0.375039 0.843911 -0.383614 0.1
0.220117 0.598198 0.770524 0.220117 0.966393 -0.132792 0.1
0.082242 0.609087 0.788828 0.082242 0.987688 -0.133071 0.1
-0.081086 0.986649 0.141240 -0.081086 0.615642 -0.783843 0.1
0.000000 0.967442 0.253094 0.000000 0.702907 -0.711282 0.1
0.081086 0.986649 0.141240 0.081086 0.615642 -0.783843 0.1
-0.156434 0.869780 0.467986 -0.156434 0.840178 -0.519258 0.1
-0.081142 0.927245 0.365557 -0.081142 0.780204 -0.620240 0.1
-0.237086 0.904852 0.353600 -0.237086 0.758652 -0.606825 0.1
0.237086 0.904852 0.353600 0.237086 0.758652 -0.606825 0.1
0.081142 0.927245 0.365557 0.081142 0.780204 -0.620240 0.1
0.156434 0.869780 0.467986 0.156434 0.840178 -0.519258 0.1
0.000000 0.712644 0.701526 0.000000 0.963861 -0.266405 0.1
0.082324 0.802561 0.590863 0.082324 0.912982 -0.399607 0.1
-0.082324 0.802561 0.590863 -0.082324 0.912982 -0.399607 0.1
-0.571252 0.580808 0.579943 -0.571252 0.792649 -0.213023 0.1
-0.615642 0.462144 0.638285 -0.615642 0.783843 -0.081086 0.1
-0.453990 0.784640 0.422176 -0.453990 0.757935 -0.468430 0.1
-0.516122 0.691503 0.505413 -0.516122 0.783452 -0.346153 0.1
-0.758652 0.508735 0.406983 -0.758652 0.606825 -0.237086 0.1
-0.647412 0.607502 0.460216 -0.647412 0.702310 -0.296005 0.1
-0.707107 0.622694 0.335041 -0.707107 0.601501 -0.371748 0.1
-0.131200 0.991272 -0.012926 -0.131200 0.484442 -0.864929 0.1
-0.213023 0.972080 0.098394 -0.213023 0.571252 -0.792649 0.1
-0.468430 0.883387 0.014200 -0.468430 0.453990 -0.757935 0.1
-0.346153 0.936550 0.055249 -0.346153 0.516122 -0.783452 0.1
-0.383614 0.918368 -0.097163 -0.383614 0.375039 -0.843911 0.1
-0.296005 0.931924 0.209520 -0.296005 0.647412 -0.702310 0.1
-0.371748 0.874468 0.311622 -0.371748 0.707107 -0.601501 0.1
-0.864929 0.485139 -0.128598 -0.864929 0.131200 -0.484442 0.1
-0.792649 0.601230 -0.101143 -0.792649 0.213023 -0.571252 0.1
-0.783843 0.573705 -0.237598 -0.783843 0.081086 -0.615642 0.1
-0.757935 0.627382 0.178677 -0.757935 0.468430 -0.453990 0.1
-0.783452 0.620051 0.041716 -0.783452 0.346153 -0.516122 0.1
-0.843911 0.516600 0.144700 -0.843911 0.383614 -0.375039 0.1
-0.606825 0.775555 -0.174003 -0.606825 0.237086 -0.758652 0.1
-0.702310 0.708677 -0.067358 -0.702310 0.296005 -0.647412 0.1
-0.601501 0.798246 -0.031610 -0.601501 0.371748 -0.707107 0.1
-0.513375 0.811947 0.277826 -0.513375 0.646578 -0.564254 0.1
-0.564254 0.816641 0.121307 -0.564254 0.513375 -0.646578 0.1
-0.646578 0.726723 0.231971 -0.646578 0.564254 -0.513375 0.1
-0.702907 0.355641 0.615988 -0.702907 0.711282 0.000000 10.0
-0.840178 0.395105 0.371474 -0.840178 0.519258 -0.156434 0.1
-0.780204 0.380391 0.496572 -0.780204 0.620240 -0.081142 0.1
-0.780204 0.239849 0.577714 -0.780204 0.620240 0.081142 10.0
-0.840178 0.124153 0.527908 -0.840178 0.519258 0.156434 10.0
-0.915043 0.349316 -0.201678 -0.915043 0.000000 -0.403355 0.1
-0.924305 0.376063 -0.065098 -0.924305 0.131655 -0.358229 0.1
-0.987688 0.137760 0.074122 -0.987688 0.133071 -0.082242 0.1
-0.966393 0.257023 0.004943 -0.966393 0.132792 -0.220117 0.1
-0.990439 0.119470 -0.068976 -0.990439 0.000000 -0.137952 0.1
-0.916244 0.392939 0.078073 -0.916244 0.264083 -0.301259 0.1
-0.891007 0.399794 0.215110 -0.891007 0.386187 -0.238677 0.1
-0.924305 -0.244408 0.293131 -0.924305 0.131655 0.358229 10.0
-0.915043 -0.349316 0.201678 -0.915043 0.000000 0.403355 10.0
-0.891007 -0.013607 0.453787 -0.891007 0.386187 0.238677 10.0
-0.916244 -0.128856 0.379332 -0.916244 0.264083 0.301259 10.0
-0.990439 -0.119470 0.068976 -0.990439 0.000000 0.137952 10.0
-0.966393 -0.124231 0.225060 -0.966393 0.132792 0.220117 10.0
-0.987688 -0.004689 0.156364 -0.987688 0.133071 0.082242 10.0
-0.912982 0.271098 0.304908 -0.912982 0.399607 -0.082324 0.1
-0.963861 0.133202 0.230713 -0.963861 0.266405 0.000000 10.0
-0.912982 0.128509 0.387232 -0.912982 0.399607 0.082324 10.0
0.571252 0.211841 0.792966 0.571252 0.792649 0.213023 10.0
0.615642 0.321699 0.719371 0.615642 0.783843 0.081086 10.0
0.453990 -0.026704 0.890606 0.453990 0.757935 0.468430 10.0
0.516122 0.091949 0.851566 0.516122 0.783452 0.346153 10.0
0.758652 0.098090 0.644069 0.758652 0.606825 0.237086 10.0
0.647412 0.094807 0.756220 0.647412 0.702310 0.296005 10.0
0.707107 -0.021193 0.706789 0.707107 0.601501 0.371748 10.0
0.131200 -0.506830 0.852003 0.131200 0.484442 0.864929 10.0
0.213023 -0.400829 0.891043 0.213023 0.571252 0.792649 10.0
0.468430 -0.429396 0.772135 0.468430 0.453990 0.757935 10.0
0.346153 -0.420428 0.838700 0.346153 0.516122 0.783452 10.0
0.383614 -0.543329 0.746749 0.383614 0.375039 0.843911 10.0
0.296005 -0.284512 0.911830 0.296005 0.647412 0.702310 10.0
0.371748 -0.167362 0.913123 0.371748 0.707107 0.601501 10.0
0.864929 -0.353939 0.355844 0.864929 0.131200 0.484442 10.0
0.792649 -0.388207 0.470109 0.792649 0.213023 0.571252 10.0
0.783843 -0.492618 0.378044 0.783843 0.081086 0.615642 10.0
0.757935 -0.158952 0.632667 0.757935 0.468430 0.453990 10.0
0.783452 -0.273898 0.557838 0.783452 0.346153 0.516122 10.0
0.843911 -0.132986 0.519739 0.843911 0.383614 0.375039 10.0
0.606825 -0.538469 0.584649 0.606825 0.237086 0.758652 10.0
0.702310 -0.412673 0.580053 0.702310 0.296005 0.647412 10.0
0.601501 -0.426498 0.675497 0.601501 0.371748 0.707107 10.0
0.513375 -0.165370 0.842080 0.513375 0.646578 0.564254 10.0
0.564254 -0.303265 0.767885 0.564254 0.513375 0.646578 10.0
0.646578 -0.162469 0.745346 0.646578 0.564254 0.513375 10.0
-0.131655 -0.621357 0.772388 -0.131655 0.358229 0.924305 10.0
0.000000 -0.590773 0.806838 0.000000 0.403355 0.915043 10.0
-0.386187 -0.652296 0.652204 -0.386187 0.238677 0.891007 10.0
-0.264083 -0.642861 0.719020 -0.264083 0.301259 0.916244 10.0
0.000000 -0.788769 0.614690 0.000000 0.137952 0.990439 10.0
-0.132792 -0.726862 0.673823 -0.132792 0.220117 0.966393 10.0
-0.133071 -0.814242 0.565068 -0.133071 0.082242 0.987688 10.0
-0.783843 -0.573705 0.237598 -0.783843 -0.081086 0.615642 10.0
-0.711282 -0.608735 0.351454 -0.711282 0.000000 0.702907 10.0
-0.519258 -0.805833 0.284613 -0.519258 -0.156434 0.840178 10.0
-0.620240 -0.716248 0.319831 -0.620240 -0.081142 0.780204 10.0
-0.606825 -0.775555 0.174003 -0.606825 -0.237086 0.758652 10.0
-0.620240 -0.635106 0.460373 -0.620240 0.081142 0.780204 10.0
-0.519258 -0.649398 0.555565 -0.519258 0.156434 0.840178 10.0
0.000000 -0.994129 0.108206 0.000000 -0.403355 0.915043 10.0
-0.131655 -0.979586 0.151917 -0.131655 -0.358229 0.924305 10.0
-0.131200 -0.991272 0.012926 -0.131200 -0.484442 0.864929 10.0
-0.133071 -0.896484 0.422620 -0.133071 -0.082242 0.987688 10.0
-0.132792 -0.946979 0.292569 -0.132792 -0.220117 0.966393 10.0
0.000000 -0.926721 0.375749 0.000000 -0.137952 0.990439 10.0
-0.383614 -0.918368 0.097163 -0.383614 -0.375039 0.843911 10.0
-0.264083 -0.944120 0.197224 -0.264083 -0.301259 0.916244 10.0
-0.386187 -0.890973 0.238803 -0.386187 -0.238677 0.891007 10.0
-0.399607 -0.749504 0.527786 -0.399607 0.082324 0.912982 10.0
-0.399607 -0.831828 0.385197 -0.399607 -0.082324 0.912982 10.0
-0.266405 -0.834728 0.481931 -0.266405 0.000000 0.963861 10.0
-0.924305 -0.376063 0.065098 -0.924305 -0.131655 0.358229 10.0
-0.864929 -0.485139 0.128598 -0.864929 -0.131200 0.484442 10.0
-0.987688 -0.137760 -0.074122 -0.987688 -0.133071 0.082242 10.0
-0.966393 -0.257023 -0.004943 -0.966393 -0.132792 0.220117 10.0
-0.843911 -0.516600 -0.144700 -0.843911 -0.383614 0.375039 10.0
-0.916244 -0.392939 -0.078073 -0.916244 -0.264083 0.301259 10.0
-0.891007 -0.399794 -0.215110 -0.891007 -0.386187 0.238677 10.0
-0.864929 0.353939 -0.355844 -0.864929 -0.131200 -0.484442 0.1
-0.924305 0.244408 -0.293131 -0.924305 -0.131655 -0.358229 0.1
-0.891007 0.013607 -0.453787 -0.891007 -0.386187 -0.238677 0.1
-0.916244 0.128856 -0.379332 -0.916244 -0.264083 -0.301259 0.1
-0.843911 0.132986 -0.519739 -0.843911 -0.383614 -0.375039 0.1
-0.966393 0.124231 -0.225060 -0.966393 -0.132792 -0.220117 0.1
-0.987688 0.004689 -0.156364 -0.987688 -0.133071 -0.082242 0.1
-0.615642 -0.462144 -0.638285 -0.615642 -0.783843 0.081086 10.0
-0.702907 -0.355641 -0.615988 -0.702907 -0.711282 0.000000 10.0
-0.615642 -0.321699 -0.719371 -0.615642 -0.783843 -0.081086 0.1
-0.840178 -0.395105 -0.371474 -0.840178 -0.519258 0.156434 10.0
-0.780204 -0.380391 -0.496572 -0.780204 -0.620240 0.081142 10.0
-0.758652 -0.508735 -0.406983 -0.758652 -0.606825 0.237086 10.0
-0.758652 -0.098090 -0.644069 -0.758652 -0.606825 -0.237086 0.1
-0.780204 -0.239849 -0.577714 -0.780204 -0.620240 -0.081142 0.1
-0.840178 -0.124153 -0.527908 -0.840178 -0.519258 -0.156434 0.1
-0.963861 -0.133202 -0.230713 -0.963861 -0.266405 0.000000 10.0
-0.912982 -0.128509 -0.387232 -0.912982 -0.399607 -0.082324 0.1
-0.912982 -0.271098 -0.304908 -0.912982 -0.399607 0.082324 10.0
-0.711282 0.608735 -0.351454 -0.711282 0.000000 -0.702907 0.1
-0.783843 0.492618 -0.378044 -0.783843 -0.081086 -0.615642 0.1
-0.519258 0.805833 -0.284613 -0.519258 0.156434 -0.840178 0.1
-0.620240 0.716248 -0.319831 -0.620240 0.081142 -0.780204 0.1
-0.606825 0.538469 -0.584649 -0.606825 -0.237086 -0.758652 0.1
-0.620240 0.635106 -0.460373 -0.620240 -0.081142 -0.780204 0.1
-0.519258 0.649398 -0.555565 -0.519258 -0.156434 -0.840178 0.1
0.000000 0.994129 -0.108206 0.000000 0.403355 -0.915043 0.1
-0.131655 0.979586 -0.151917 -0.131655 0.358229 -0.924305 0.1
-0.133071 0.896484 -0.422620 -0.133071 0.082242 -0.987688 0.1
-0.132792 0.946979 -0.292569 -0.132792 0.220117 -0.966393 0.1
0.000000 0.926721 -0.375749 0.000000 0.137952 -0.990439 0.1
-0.264083 0.944120 -0.197224 -0.264083 0.301259 -0.916244 0.1
-0.386187 0.890973 -0.238803 -0.386187 0.238677 -0.891007 0.1
-0.131200 0.506830 -0.852003 -0.131200 -0.484442 -0.864929 0.1
-0.131655 0.621357 -0.772388 -0.131655 -0.358229 -0.924305 0.1
0.000000 0.590773 -0.806838 0.000000 -0.403355 -0.915043 0.1
-0.386187 0.652296 -0.652204 -0.386187 -0.238677 -0.891007 0.1
-0.264083 0.642861 -0.719020 -0.264083 -0.301259 -0.916244 0.1
-0.383614 0.543329 -0.746749 -0.383614 -0.375039 -0.843911 0.1
0.000000 0.788769 -0.614690 0.000000 -0.137952 -0.990439 0.1
-0.132792 0.726862 -0.673823 -0.132792 -0.220117 -0.966393 0.1
-0.133071 0.814242 -0.565068 -0.133071 -0.082242 -0.987688 0.1
-0.399607 0.831828 -0.385197 -0.399607 0.082324 -0.912982 0.1
-0.266405 0.834728 -0.481931 -0.266405 0.000000 -0.963861 0.1
-0.399607 0.749504 -0.527786 -0.399607 -0.082324 -0.912982 0.1
0.213023 0.972080 0.098394 0.213023 0.571252 -0.792649 0.1
0.131200 0.991272 -0.012926 0.131200 0.484442 -0.864929 0.1
0.371748 0.874468 0.311622 0.371748 0.707107 -0.601501 0.1
0.296005 0.931924 0.209520 0.296005 0.647412 -0.702310 0.1
0.383614 0.918368 -0.097163 0.383614 0.375039 -0.843911 0.1
0.346153 0.936550 0.055249 0.346153 0.516122 -0.783452 0.1
0.468430 0.883387 0.014200 0.468430 0.453990 -0.757935 0.1
0.615642 0.462144 0.638285 0.615642 0.783843 -0.081086 0.1
0.571252 0.580808 0.579943 0.571252 0.792649 -0.213023 0.1
0.707107 0.622694 0.335041 0.707107 0.601501 -0.371748 0.1
0.647412 0.607502 0.460216 0.647412 0.702310 -0.296005 0.1
0.758652 0.508735 0.406983 0.758652 0.606825 -0.237086 0.1
0.516122 0.691503 0.505413 0.516122 0.783452 -0.346153 0.1
0.453990 0.784640 0.422176 0.453990 0.757935 -0.468430 0.1
0.783843 0.573705 -0.237598 0.783843 0.081086 -0.615642 0.1
0.792649 0.601230 -0.101143 0.792649 0.213023 -0.571252 0.1
0.864929 0.485139 -0.128598 0.864929 0.131200 -0.484442 0.1
0.601501 0.798246 -0.031610 0.601501 0.371748 -0.707107 0.1
0.702310 0.708677 -0.067358 0.702310 0.296005 -0.647412 0.1
0.606825 0.775555 -0.174003 0.606825 0.237086 -0.758652 0.1
0.843911 0.516600 0.144700 0.843911 0.383614 -0.375039 0.1
0.783452 0.620051 0.041716 0.783452 0.346153 -0.516122 0.1
0.757935 0.627382 0.178677 0.757935 0.468430 -0.453990 0.1
0.513375 0.811947 0.277826 0.513375 0.646578 -0.564254 0.1
0.646578 0.726723 0.231971 0.646578 0.564254 -0.513375 0.1
0.564254 0.816641 0.121307 0.564254 0.513375 -0.646578 0.1
0.615642 -0.462144 -0.638285 0.615642 -0.783843 0.081086 10.0
0.571252 -0.580808 -0.579943 0.571252 -0.792649 0.213023 10.0
0.484442 -0.546088 -0.683451 0.484442 -0.864929 0.131200 10.0
0.707107 -0.622694 -0.335041 0.707107 -0.601501 0.371748 10.0
0.647412 -0.607502 -0.460216 0.647412 -0.702310 0.296005 10.0
0.758652 -0.508735 -0.406983 0.758652 -0.606825 0.237086 10.0
0.375039 -0.754175 -0.539042 0.375039 -0.843911 0.383614 10.0
0.516122 -0.691503 -0.505413 0.516122 -0.783452 0.346153 10.0
0.453990 -0.784640 -0.422176 0.453990 -0.757935 0.468430 10.0
0.783843 -0.573705 0.237598 0.783843 -0.081086 0.615642 10.0
0.792649 -0.601230 0.101143 0.792649 -0.213023 0.571252 10.0
0.864929 -0.485139 0.128598 0.864929 -0.131200 0.484442 10.0
0.601501 -0.798246 0.031610 0.601501 -0.371748 0.707107 10.0
0.702310 -0.708677 0.067358 0.702310 -0.296005 0.647412 10.0
0.606825 -0.775555 0.174003 0.606825 -0.237086 0.758652 10.0
0.843911 -0.516600 -0.144700 0.843911 -0.383614 0.375039 10.0
0.783452 -0.620051 -0.041716 0.783452 -0.346153 0.516122 10.0
0.757935 -0.627382 -0.178677 0.757935 -0.468430 0.453990 10.0
0.081086 -0.986649 -0.141240 0.081086 -0.615642 0.783843 10.0
0.213023 -0.972080 -0.098394 0.213023 -0.571252 0.792649 10.0
0.131200 -0.991272 0.012926 0.131200 -0.484442 0.864929 10.0
0.371748 -0.874468 -0.311622 0.371748 -0.707107 0.601501 10.0
0.296005 -0.931924 -0.209520 0.296005 -0.647412 0.702310 10.0
0.237086 -0.904852 -0.353600 0.237086 -0.758652 0.606825 10.0
0.383614 -0.918368 0.097163 0.383614 -0.375039 0.843911 10.0
0.346153 -0.936550 -0.055249 0.346153 -0.516122 0.783452 10.0
0.468430 -0.883387 -0.014200 0.468430 -0.453990 0.757935 10.0
0.646578 -0.726723 -0.231971 0.646578 -0.564254 0.513375 10.0
0.564254 -0.816641 -0.121307 0.564254 -0.513375 0.646578 10.0
0.513375 -0.811947 -0.277826 0.513375 -0.646578 0.564254 10.0
0.358229 -0.576169 -0.734644 0.358229 -0.924305 0.131655 10.0
0.403355 -0.457522 -0.792451 0.403355 -0.915043 0.000000 10.0
0.238677 -0.779951 -0.578541 0.238677 -0.891007 0.386187 10.0
0.301259 -0.686824 -0.661449 0.301259 -0.916244 0.264083 10.0
0.137952 -0.495219 -0.857745 0.137952 -0.990439 0.000000 10.0
0.220117 -0.598198 -0.770524 0.220117 -0.966393 0.132792 10.0
0.082242 -0.609087 -0.788828 0.082242 -0.987688 0.133071 10.0
-0.081086 -0.986649 -0.141240 -0.081086 -0.615642 0.783843 10.0
0.000000 -0.967442 -0.253094 0.000000 -0.702907 0.711282 10.0
-0.156434 -0.869780 -0.467986 -0.156434 -0.840178 0.519258 10.0
-0.081142 -0.927245 -0.365557 -0.081142 -0.780204 0.620240 10.0
-0.237086 -0.904852 -0.353600 -0.237086 -0.758652 0.606825 10.0
0.081142 -0.927245 -0.365557 0.081142 -0.780204 0.620240 10.0
0.156434 -0.869780 -0.467986 0.156434 -0.840178 0.519258 10.0
-0.403355 -0.457522 -0.792451 -0.403355 -0.915043 0.000000 10.0
-0.358229 -0.576169 -0.734644 -0.358229 -0.924305 0.131655 10.0
-0.484442 -0.546088 -0.683451 -0.484442 -0.864929 0.131200 10.0
-0.082242 -0.609087 -0.788828 -0.082242 -0.987688 0.133071 10.0
-0.220117 -0.598198 -0.770524 -0.220117 -0.966393 0.132792 10.0
-0.137952 -0.495219 -0.857745 -0.137952 -0.990439 0.000000 10.0
-0.375039 -0.754175 -0.539042 -0.375039 -0.843911 0.383614 10.0
-0.301259 -0.686824 -0.661449 -0.301259 -0.916244 0.264083 10.0
-0.238677 -0.779951 -0.578541 -0.238677 -0.891007 0.386187 10.0
0.082324 -0.802561 -0.590863 0.082324 -0.912982 0.399607 10.0
-0.082324 -0.802561 -0.590863 -0.082324 -0.912982 0.399607 10.0
0.000000 -0.712644 -0.701526 0.000000 -0.963861 0.266405 10.0
0.358229 -0.348135 -0.866299 0.358229 -0.924305 -0.131655 0.1
0.484442 -0.318842 -0.814651 0.484442 -0.864929 -0.131200 0.1
0.082242 -0.378601 -0.921899 0.082242 -0.987688 -0.133071 0.1
0.220117 -0.368195 -0.903317 0.220117 -0.966393 -0.132792 0.1
0.375039 -0.089736 -0.922656 0.375039 -0.843911 -0.383614 0.1
0.301259 -0.229420 -0.925532 0.301259 -0.916244 -0.264083 0.1
0.238677 -0.111055 -0.964728 0.238677 -0.891007 -0.386187 0.1
-0.484442 -0.318842 -0.814651 -0.484442 -0.864929 -0.131200 0.1
-0.358229 -0.348135 -0.866299 -0.358229 -0.924305 -0.131655 0.1
-0.238677 -0.111055 -0.964728 -0.238677 -0.891007 -0.386187 0.1
-0.301259 -0.229420 -0.925532 -0.301259 -0.916244 -0.264083 0.1
-0.375039 -0.089736 -0.922656 -0.375039 -0.843911 -0.383614 0.1
-0.220117 -0.368195 -0.903317 -0.220117 -0.966393 -0.132792 0.1
-0.082242 -0.378601 -0.921899 -0.082242 -0.987688 -0.133071 0.1
0.081086 0.371007 -0.925083 0.081086 -0.615642 -0.783843 0.1
0.000000 0.264535 -0.964376 0.000000 -0.702907 -0.711282 0.1
-0.081086 0.371007 -0.925083 -0.081086 -0.615642 -0.783843 0.1
0.156434 0.029602 -0.987245 0.156434 -0.840178 -0.519258 0.1
0.081142 0.147041 -0.985797 0.081142 -0.780204 -0.620240 0.1
0.237086 0.146200 -0.960425 0.237086 -0.758652 -0.606825 0.1
-0.237086 0.146200 -0.960425 -0.237086 -0.758652 -0.606825 0.1
-0.081142 0.147041 -0.985797 -0.081142 -0.780204 -0.620240 0.1
-0.156434 0.029602 -0.987245 -0.156434 -0.840178 -0.519258 0.1
0.000000 -0.251217 -0.967931 0.000000 -0.963861 -0.266405 0.1
-0.082324 -0.110421 -0.990470 -0.082324 -0.912982 -0.399607 0.1
0.082324 -0.110421 -0.990470 0.082324 -0.912982 -0.399607 0.1
0.571252 -0.211841 -0.792966 0.571252 -0.792649 -0.213023 0.1
0.615642 -0.321699 -0.719371 0.615642 -0.783843 -0.081086 0.1
0.453990 0.026704 -0.890606 0.453990 -0.757935 -0.468430 0.1
0.516122 -0.091949 -0.851566 0.516122 -0.783452 -0.346153 0.1
0.758652 -0.098090 -0.644069 0.758652 -0.606825 -0.237086 0.1
0.647412 -0.094807 -0.756220 0.647412 -0.702310 -0.296005 0.1
0.707107 0.021193 -0.706789 0.707107 -0.601501 -0.371748 0.1
0.131200 0.506830 -0.852003 0.131200 -0.484442 -0.864929 0.1
0.213023 0.400829 -0.891043 0.213023 -0.571252 -0.792649 0.1
0.468430 0.429396 -0.772135 0.468430 -0.453990 -0.757935 0.1
0.346153 0.420428 -0.838700 0.346153 -0.516122 -0.783452 0.1
0.383614 0.543329 -0.746749 0.383614 -0.375039 -0.843911 0.1
0.296005 0.284512 -0.911830 0.296005 -0.647412 -0.702310 0.1
0.371748 0.167362 -0.913123 0.371748 -0.707107 -0.601501 0.1
0.864929 0.353939 -0.355844 0.864929 -0.131200 -0.484442 0.1
0.792649 0.388207 -0.470109 0.792649 -0.213023 -0.571252 0.1
0.783843 0.492618 -0.378044 0.783843 -0.081086 -0.615642 0.1
0.757935 0.158952 -0.632667 0.757935 -0.468430 -0.453990 0.1
0.783452 0.273898 -0.557838 0.783452 -0.346153 -0.516122 0.1
0.843911 0.132986 -0.519739 0.843911 -0.383614 -0.375039 0.1
0.606825 0.538469 -0.584649 0.606825 -0.237086 -0.758652 0.1
0.702310 0.412673 -0.580053 0.702310 -0.296005 -0.647412 0.1
0.601501 0.426498 -0.675497 0.601501 -0.371748 -0.707107 0.1
0.513375 0.165370 -0.842080 0.513375 -0.646578 -0.564254 0.1
0.564254 0.303265 -0.767885 0.564254 -0.513375 -0.646578 0.1
0.646578 0.162469 -0.745346 0.646578 -0.564254 -0.513375 0.1
0.702907 -0.355641 -0.615988 0.702907 -0.711282 0.000000 10.0
0.840178 -0.124153 -0.527908 0.840178 -0.519258 -0.156434 0.1
0.780204 -0.239849 -0.577714 0.780204 -0.620240 -0.081142 0.1
0.780204 -0.380391 -0.496572 0.780204 -0.620240 0.081142 10.0
0.840178 -0.395105 -0.371474 0.840178 -0.519258 0.156434 10.0
0.915043 0.349316 -0.201678 0.915043 0.000000 -0.403355 0.1
0.924305 0.244408 -0.293131 0.924305 -0.131655 -0.358229 0.1
0.987688 0.004689 -0.156364 0.987688 -0.133071 -0.082242 0.1
0.966393 0.124231 -0.225060 0.966393 -0.132792 -0.220117 0.1
0.990439 0.119470 -0.068976 0.990439 0.000000 -0.137952 0.1
0.916244 0.128856 -0.379332 0.916244 -0.264083 -0.301259 0.1
0.891007 0.013607 -0.453787 0.891007 -0.386187 -0.238677 0.1
0.924305 -0.376063 0.065098 0.924305 -0.131655 0.358229 10.0
0.915043 -0.349316 0.201678 0.915043 0.000000 0.403355 10.0
0.891007 -0.399794 -0.215110 0.891007 -0.386187 0.238677 10.0
0.916244 -0.392939 -0.078073 0.916244 -0.264083 0.301259 10.0
0.990439 -0.119470 0.068976 0.990439 0.000000 0.137952 10.0
0.966393 -0.257023 -0.004943 0.966393 -0.132792 0.220117 10.0
0.987688 -0.137760 -0.074122 0.987688 -0.133071 0.082242 10.0
0.912982 -0.128509 -0.387232 0.912982 -0.399607 -0.082324 0.1
0.963861 -0.133202 -0.230713 0.963861 -0.266405 0.000000 10.0
0.912982 -0.271098 -0.304908 0.912982 -0.399607 0.082324 10.0
0.131655 -0.979586 0.151917 0.131655 -0.358229 0.924305 10.0
0.386187 -0.890973 0.238803 0.386187 -0.238677 0.891007 10.0
0.264083 -0.944120 0.197224 0.264083 -0.301259 0.916244 10.0
0.132792 -0.946979 0.292569 0.132792 -0.220117 0.966393 10.0
0.133071 -0.896484 0.422620 0.133071 -0.082242 0.987688 10.0
0.711282 -0.608735 0.351454 0.711282 0.000000 0.702907 10.0
0.519258 -0.649398 0.555565 0.519258 0.156434 0.840178 10.0
0.620240 -0.635106 0.460373 0.620240 0.081142 0.780204 10.0
0.620240 -0.716248 0.319831 0.620240 -0.081142 0.780204 10.0
0.519258 -0.805833 0.284613 0.519258 -0.156434 0.840178 10.0
0.131655 -0.621357 0.772388 0.131655 0.358229 0.924305 10.0
0.133071 -0.814242 0.565068 0.133071 0.082242 0.987688 10.0
0.132792 -0.726862 0.673823 0.132792 0.220117 0.966393 10.0
0.264083 -0.642861 0.719020 0.264083 0.301259 0.916244 10.0
0.386187 -0.652296 0.652204 0.386187 0.238677 0.891007 10.0
0.399607 -0.831828 0.385197 0.399607 -0.082324 0.912982 10.0
0.399607 -0.749504 0.527786 0.399607 0.082324 0.912982 10.0
0.266405 -0.834728 0.481931 0.266405 0.000000 0.963861 10.0
-0.571252 -0.580808 -0.579943 -0.571252 -0.792649 0.213023 10.0
-0.453990 -0.784640 -0.422176 -0.453990 -0.757935 0.468430 10.0
-0.516122 -0.691503 -0.505413 -0.516122 -0.783452 0.346153 10.0
-0.647412 -0.607502 -0.460216 -0.647412 -0.702310 0.296005 10.0
-0.707107 -0.622694 -0.335041 -0.707107 -0.601501 0.371748 10.0
-0.213023 -0.972080 -0.098394 -0.213023 -0.571252 0.792649 10.0
-0.468430 -0.883387 -0.014200 -0.468430 -0.453990 0.757935 10.0
-0.346153 -0.936550 -0.055249 -0.346153 -0.516122 0.783452 10.0
-0.296005 -0.931924 -0.209520 -0.296005 -0.647412 0.702310 10.0
-0.371748 -0.874468 -0.311622 -0.371748 -0.707107 0.601501 10.0
-0.792649 -0.601230 0.101143 -0.792649 -0.213023 0.571252 10.0
-0.757935 -0.627382 -0.178677 -0.757935 -0.468430 0.453990 10.0
-0.783452 -0.620051 -0.041716 -0.783452 -0.346153 0.516122 10.0
-0.702310 -0.708677 0.067358 -0.702310 -0.296005 0.647412 10.0
-0.601501 -0.798246 0.031610 -0.601501 -0.371748 0.707107 10.0
-0.513375 -0.811947 -0.277826 -0.513375 -0.646578 0.564254 10.0
-0.564254 -0.816641 -0.121307 -0.564254 -0.513375 0.646578 10.0
-0.646578 -0.726723 -0.231971 -0.646578 -0.564254 0.513375 10.0
-0.213023 0.400829 -0.891043 -0.213023 -0.571252 -0.792649 0.1
-0.371748 0.167362 -0.913123 -0.371748 -0.707107 -0.601501 0.1
-0.296005 0.284512 -0.911830 -0.296005 -0.647412 -0.702310 0.1
-0.346153 0.420428 -0.838700 -0.346153 -0.516122 -0.783452 0.1
-0.468430 0.429396 -0.772135 -0.468430 -0.453990 -0.757935 0.1
-0.571252 -0.211841 -0.792966 -0.571252 -0.792649 -0.213023 0.1
-0.707107 0.021193 -0.706789 -0.707107 -0.601501 -0.371748 0.1
-0.647412 -0.094807 -0.756220 -0.647412 -0.702310 -0.296005 0.1
-0.516122 -0.091949 -0.851566 -0.516122 -0.783452 -0.346153 0.1
-0.453990 0.026704 -0.890606 -0.453990 -0.757935 -0.468430 0.1
-0.792649 0.388207 -0.470109 -0.792649 -0.213023 -0.571252 0.1
-0.601501 0.426498 -0.675497 -0.601501 -0.371748 -0.707107 0.1
-0.702310 0.412673 -0.580053 -0.702310 -0.296005 -0.647412 0.1
-0.783452 0.273898 -0.557838 -0.783452 -0.346153 -0.516122 0.1
-0.757935 0.158952 -0.632667 -0.757935 -0.468430 -0.453990 0.1
-0.513375 0.165370 -0.842080 -0.513375 -0.646578 -0.564254 0.1
-0.646578 0.162469 -0.745346 -0.646578 -0.564254 -0.513375 0.1
-0.564254 0.303265 -0.767885 -0.564254 -0.513375 -0.646578 0.1
0.711282 0.608735 -0.351454 0.711282 0.000000 -0.702907 0.1
0.519258 0.649398 -0.555565 0.519258 -0.156434 -0.840178 0.1
0.620240 0.635106 -0.460373 0.620240 -0.081142 -0.780204 0.1
0.620240 0.716248 -0.319831 0.620240 0.081142 -0.780204 0.1
0.519258 0.805833 -0.284613 0.519258 0.156434 -0.840178 0.1
0.131655 0.621357 -0.772388 0.131655 -0.358229 -0.924305 0.1
0.133071 0.814242 -0.565068 0.133071 -0.082242 -0.987688 0.1
0.132792 0.726862 -0.673823 0.132792 -0.220117 -0.966393 0.1
0.264083 0.642861 -0.719020 0.264083 -0.301259 -0.916244 0.1
0.386187 0.652296 -0.652204 0.386187 -0.238677 -0.891007 0.1
0.131655 0.979586 -0.151917 0.131655 0.358229 -0.924305 0.1
0.386187 0.890973 -0.238803 0.386187 0.238677 -0.891007 0.1
0.264083 0.944120 -0.197224 0.264083 0.301259 -0.916244 0.1
0.132792 0.946979 -0.292569 0.132792 0.220117 -0.966393 0.1
0.133071 0.896484 -0.422620 0.133071 0.082242 -0.987688 0.1
0.399607 0.749504 -0.527786 0.399607 -0.082324 -0.912982 0.1
0.266405 0.834728 -0.481931 0.266405 0.000000 -0.963861 0.1
0.399607 0.831828 -0.385197 0.399607 0.082324 -0.912982 0.1
0.924305 -0.244408 0.293131 0.924305 0.131655 0.358229 10.0
0.987688 -0.004689 0.156364 0.987688 0.133071 0.082242 10.0
0.966393 -0.124231 0.225060 0.966393 0.132792 0.220117 10.0
0.916244 -0.128856 0.379332 0.916244 0.264083 0.301259 10.0
0.891007 -0.013607 0.453787 0.891007 0.386187 0.238677 10.0
0.924305 0.376063 -0.065098 0.924305 0.131655 -0.358229 0.1
0.891007 0.399794 0.215110 0.891007 0.386187 -0.238677 0.1
0.916244 0.392939 0.078073 0.916244 0.264083 -0.301259 0.1
0.966393 0.257023 0.004943 0.966393 0.132792 -0.220117 0.1
0.987688 0.137760 0.074122 0.987688 0.133071 -0.082242 0.1
0.702907 0.355641 0.615988 0.702907 0.711282 0.000000 10.0
0.840178 0.124153 0.527908 0.840178 0.519258 0.156434 10.0
0.780204 0.239849 0.577714 0.780204 0.620240 0.081142 10.0
0.780204 0.380391 0.496572 0.780204 0.620240 -0.081142 0.1
0.840178 0.395105 0.371474 0.840178 0.519258 -0.156434 0.1
0.963861 0.133202 0.230713 0.963861 0.266405 0.000000 10.0
0.912982 0.271098 0.304908 0.912982 0.399607 -0.082324 0.1
0.912982 0.128509 0.387232 0.912982 0.399607 0.082324 10.0
