1290
-0.525731 0.850651 0.000000
0.525731 0.850651 0.000000
-0.525731 -0.850651 0.000000
0.525731 -0.850651 0.000000
0.000000 -0.525731 0.850651
0.000000 0.525731 0.850651
0.000000 -0.525731 -0.850651
0.000000 0.525731 -0.850651
0.850651 0.000000 -0.525731
0.850651 0.000000 0.525731
-0.850651 0.000000 -0.525731
-0.850651 0.000000 0.525731
-0.809017 0.500000 0.309017
-0.500000 0.309017 0.809017
-0.309017 0.809017 0.500000
0.309017 0.809017 0.500000
0.000000 1.000000 0.000000
0.309017 0.809017 -0.500000
-0.309017 0.809017 -0.500000
-0.500000 0.309017 -0.809017
-0.809017 0.500000 -0.309017
-1.000000 0.000000 0.000000
0.500000 0.309017 0.809017
0.809017 0.500000 0.309017
-0.500000 -0.309017 0.809017
0.000000 0.000000 1.000000
-0.809017 -0.500000 -0.309017
-0.809017 -0.500000 0.309017
0.000000 0.000000 -1.000000
-0.500000 -0.309017 -0.809017
0.809017 0.500000 -0.309017
0.500000 0.309017 -0.809017
0.809017 -0.500000 0.309017
0.500000 -0.309017 0.809017
0.309017 -0.809017 0.500000
-0.309017 -0.809017 0.500000
0.000000 -1.000000 0.000000
-0.309017 -0.809017 -0.500000
0.309017 -0.809017 -0.500000
0.500000 -0.309017 -0.809017
0.809017 -0.500000 -0.309017
1.000000 0.000000 0.000000
-0.693780 0.702046 0.160622
-0.587785 0.688191 0.425325
-0.433889 0.862668 0.259892
-0.702046 0.160622 0.693780
-0.688191 0.425325 0.587785
-0.862668 0.259892 0.433889
-0.160622 0.693780 0.702046
-0.425325 0.587785 0.688191
-0.259892 0.433889 0.862668
-0.162460 0.951057 0.262866
-0.273267 0.961938 0.000000
0.160622 0.693780 0.702046
0.000000 0.850651 0.525731
0.273267 0.961938 0.000000
0.162460 0.951057 0.262866
0.433889 0.862668 0.259892
-0.162460 0.951057 -0.262866
-0.433889 0.862668 -0.259892
0.433889 0.862668 -0.259892
0.162460 0.951057 -0.262866
-0.160622 0.693780 -0.702046
0.000000 0.850651 -0.525731
0.160622 0.693780 -0.702046
-0.587785 0.688191 -0.425325
-0.693780 0.702046 -0.160622
-0.259892 0.433889 -0.862668
-0.425325 0.587785 -0.688191
-0.862668 0.259892 -0.433889
-0.688191 0.425325 -0.587785
-0.702046 0.160622 -0.693780
-0.850651 0.525731 0.000000
-0.961938 0.000000 -0.273267
-0.951057 0.262866 -0.162460
-0.951057 0.262866 0.162460
-0.961938 0.000000 0.273267
0.587785 0.688191 0.425325
0.693780 0.702046 0.160622
0.259892 0.433889 0.862668
0.425325 0.587785 0.688191
0.862668 0.259892 0.433889
0.688191 0.425325 0.587785
0.702046 0.160622 0.693780
-0.262866 0.162460 0.951057
0.000000 0.273267 0.961938
-0.702046 -0.160622 0.693780
-0.525731 0.000000 0.850651
0.000000 -0.273267 0.961938
-0.262866 -0.162460 0.951057
-0.259892 -0.433889 0.862668
-0.951057 -0.262866 0.162460
-0.862668 -0.259892 0.433889
-0.862668 -0.259892 -0.433889
-0.951057 -0.262866 -0.162460
-0.693780 -0.702046 0.160622
-0.850651 -0.525731 0.000000
-0.693780 -0.702046 -0.160622
-0.525731 0.000000 -0.850651
-0.702046 -0.160622 -0.693780
0.000000 0.273267 -0.961938
-0.262866 0.162460 -0.951057
-0.259892 -0.433889 -0.862668
-0.262866 -0.162460 -0.951057
0.000000 -0.273267 -0.961938
0.425325 0.587785 -0.688191
0.259892 0.433889 -0.862668
0.693780 0.702046 -0.160622
0.587785 0.688191 -0.425325
0.702046 0.160622 -0.693780
0.688191 0.425325 -0.587785
0.862668 0.259892 -0.433889
0.693780 -0.702046 0.160622
0.587785 -0.688191 0.425325
0.433889 -0.862668 0.259892
0.702046 -0.160622 0.693780
0.688191 -0.425325 0.587785
0.862668 -0.259892 0.433889
0.160622 -0.693780 0.702046
0.425325 -0.587785 0.688191
0.259892 -0.433889 0.862668
0.162460 -0.951057 0.262866
0.273267 -0.961938 0.000000
-0.160622 -0.693780 0.702046
0.000000 -0.850651 0.525731
-0.273267 -0.961938 0.000000
-0.162460 -0.951057 0.262866
-0.433889 -0.862668 0.259892
0.162460 -0.951057 -0.262866
0.433889 -0.862668 -0.259892
-0.433889 -0.862668 -0.259892
-0.162460 -0.951057 -0.262866
0.160622 -0.693780 -0.702046
0.000000 -0.850651 -0.525731
-0.160622 -0.693780 -0.702046
0.587785 -0.688191 -0.425325
0.693780 -0.702046 -0.160622
0.259892 -0.433889 -0.862668
0.425325 -0.587785 -0.688191
0.862668 -0.259892 -0.433889
0.688191 -0.425325 -0.587785
0.702046 -0.160622 -0.693780
0.850651 -0.525731 0.000000
0.961938 0.000000 -0.273267
0.951057 -0.262866 -0.162460
0.951057 -0.262866 0.162460
0.961938 0.000000 0.273267
0.262866 -0.162460 0.951057
0.525731 0.000000 0.850651
0.262866 0.162460 0.951057
-0.587785 -0.688191 0.425325
-0.425325 -0.587785 0.688191
-0.688191 -0.425325 0.587785
-0.425325 -0.587785 -0.688191
-0.587785 -0.688191 -0.425325
-0.688191 -0.425325 -0.587785
0.525731 0.000000 -0.850651
0.262866 -0.162460 -0.951057
0.262866 0.162460 -0.951057
0.951057 0.262866 0.162460
0.951057 0.262866 -0.162460
0.850651 0.525731 0.000000
-0.615642 0.783843 0.081086
-0.571252 0.792649 0.213023
-0.484442 0.864929 0.131200
-0.707107 0.601501 0.371748
-0.647412 0.702310 0.296005
-0.758652 0.606825 0.237086
-0.375039 0.843911 0.383614
-0.516122 0.783452 0.346153
-0.453990 0.757935 0.468430
-0.783843 0.081086 0.615642
-0.792649 0.213023 0.571252
-0.864929 0.131200 0.484442
-0.601501 0.371748 0.707107
-0.702310 0.296005 0.647412
-0.606825 0.237086 0.758652
-0.843911 0.383614 0.375039
-0.783452 0.346153 0.516122
-0.757935 0.468430 0.453990
-0.081086 0.615642 0.783843
-0.213023 0.571252 0.792649
-0.131200 0.484442 0.864929
-0.371748 0.707107 0.601501
-0.296005 0.647412 0.702310
-0.237086 0.758652 0.606825
-0.383614 0.375039 0.843911
-0.346153 0.516122 0.783452
-0.468430 0.453990 0.757935
-0.646578 0.564254 0.513375
-0.564254 0.513375 0.646578
-0.513375 0.646578 0.564254
-0.358229 0.924305 0.131655
-0.403355 0.915043 0.000000
-0.238677 0.891007 0.386187
-0.301259 0.916244 0.264083
-0.137952 0.990439 0.000000
-0.220117 0.966393 0.132792
-0.082242 0.987688 0.133071
0.081086 0.615642 0.783843
0.000000 0.702907 0.711282
0.156434 0.840178 0.519258
0.081142 0.780204 0.620240
0.237086 0.758652 0.606825
-0.081142 0.780204 0.620240
-0.156434 0.840178 0.519258
0.403355 0.915043 0.000000
0.358229 0.924305 0.131655
0.484442 0.864929 0.131200
0.082242 0.987688 0.133071
0.220117 0.966393 0.132792
0.137952 0.990439 0.000000
0.375039 0.843911 0.383614
0.301259 0.916244 0.264083
0.238677 0.891007 0.386187
-0.082324 0.912982 0.399607
0.082324 0.912982 0.399607
0.000000 0.963861 0.266405
-0.358229 0.924305 -0.131655
-0.484442 0.864929 -0.131200
-0.082242 0.987688 -0.133071
-0.220117 0.966393 -0.132792
-0.375039 0.843911 -0.383614
-0.301259 0.916244 -0.264083
-0.238677 0.891007 -0.386187
0.484442 0.864929 -0.131200
0.358229 0.924305 -0.131655
0.238677 0.891007 -0.386187
0.301259 0.916244 -0.264083
0.375039 0.843911 -0.383614
0.220117 0.966393 -0.132792
0.082242 0.987688 -0.133071
-0.081086 0.615642 -0.783843
0.000000 0.702907 -0.711282
0.081086 0.615642 -0.783843
-0.156434 0.840178 -0.519258
-0.081142 0.780204 -0.620240
-0.237086 0.758652 -0.606825
0.237086 0.758652 -0.606825
0.081142 0.780204 -0.620240
0.156434 0.840178 -0.519258
0.000000 0.963861 -0.266405
0.082324 0.912982 -0.399607
-0.082324 0.912982 -0.399607
-0.571252 0.792649 -0.213023
-0.615642 0.783843 -0.081086
-0.453990 0.757935 -0.468430
-0.516122 0.783452 -0.346153
-0.758652 0.606825 -0.237086
-0.647412 0.702310 -0.296005
-0.707107 0.601501 -0.371748
-0.131200 0.484442 -0.864929
-0.213023 0.571252 -0.792649
-0.468430 0.453990 -0.757935
-0.346153 0.516122 -0.783452
-0.383614 0.375039 -0.843911
-0.296005 0.647412 -0.702310
-0.371748 0.707107 -0.601501
-0.864929 0.131200 -0.484442
-0.792649 0.213023 -0.571252
-0.783843 0.081086 -0.615642
-0.757935 0.468430 -0.453990
-0.783452 0.346153 -0.516122
-0.843911 0.383614 -0.375039
-0.606825 0.237086 -0.758652
-0.702310 0.296005 -0.647412
-0.601501 0.371748 -0.707107
-0.513375 0.646578 -0.564254
-0.564254 0.513375 -0.646578
-0.646578 0.564254 -0.513375
-0.702907 0.711282 0.000000
-0.840178 0.519258 -0.156434
-0.780204 0.620240 -0.081142
-0.780204 0.620240 0.081142
-0.840178 0.519258 0.156434
-0.915043 0.000000 -0.403355
-0.924305 0.131655 -0.358229
-0.987688 0.133071 -0.082242
-0.966393 0.132792 -0.220117
-0.990439 0.000000 -0.137952
-0.916244 0.264083 -0.301259
-0.891007 0.386187 -0.238677
-0.924305 0.131655 0.358229
-0.915043 0.000000 0.403355
-0.891007 0.386187 0.238677
-0.916244 0.264083 0.301259
-0.990439 0.000000 0.137952
-0.966393 0.132792 0.220117
-0.987688 0.133071 0.082242
-0.912982 0.399607 -0.082324
-0.963861 0.266405 0.000000
-0.912982 0.399607 0.082324
0.571252 0.792649 0.213023
0.615642 0.783843 0.081086
0.453990 0.757935 0.468430
0.516122 0.783452 0.346153
0.758652 0.606825 0.237086
0.647412 0.702310 0.296005
0.707107 0.601501 0.371748
0.131200 0.484442 0.864929
0.213023 0.571252 0.792649
0.468430 0.453990 0.757935
0.346153 0.516122 0.783452
0.383614 0.375039 0.843911
0.296005 0.647412 0.702310
0.371748 0.707107 0.601501
0.864929 0.131200 0.484442
0.792649 0.213023 0.571252
0.783843 0.081086 0.615642
0.757935 0.468430 0.453990
0.783452 0.346153 0.516122
0.843911 0.383614 0.375039
0.606825 0.237086 0.758652
0.702310 0.296005 0.647412
0.601501 0.371748 0.707107
0.513375 0.646578 0.564254
0.564254 0.513375 0.646578
0.646578 0.564254 0.513375
-0.131655 0.358229 0.924305
0.000000 0.403355 0.915043
-0.386187 0.238677 0.891007
-0.264083 0.301259 0.916244
0.000000 0.137952 0.990439
-0.132792 0.220117 0.966393
-0.133071 0.082242 0.987688
-0.783843 -0.081086 0.615642
-0.711282 0.000000 0.702907
-0.519258 -0.156434 0.840178
-0.620240 -0.081142 0.780204
-0.606825 -0.237086 0.758652
-0.620240 0.081142 0.780204
-0.519258 0.156434 0.840178
0.000000 -0.403355 0.915043
-0.131655 -0.358229 0.924305
-0.131200 -0.484442 0.864929
-0.133071 -0.082242 0.987688
-0.132792 -0.220117 0.966393
0.000000 -0.137952 0.990439
-0.383614 -0.375039 0.843911
-0.264083 -0.301259 0.916244
-0.386187 -0.238677 0.891007
-0.399607 0.082324 0.912982
-0.399607 -0.082324 0.912982
-0.266405 0.000000 0.963861
-0.924305 -0.131655 0.358229
-0.864929 -0.131200 0.484442
-0.987688 -0.133071 0.082242
-0.966393 -0.132792 0.220117
-0.843911 -0.383614 0.375039
-0.916244 -0.264083 0.301259
-0.891007 -0.386187 0.238677
-0.864929 -0.131200 -0.484442
-0.924305 -0.131655 -0.358229
-0.891007 -0.386187 -0.238677
-0.916244 -0.264083 -0.301259
-0.843911 -0.383614 -0.375039
-0.966393 -0.132792 -0.220117
-0.987688 -0.133071 -0.082242
-0.615642 -0.783843 0.081086
-0.702907 -0.711282 0.000000
-0.615642 -0.783843 -0.081086
-0.840178 -0.519258 0.156434
-0.780204 -0.620240 0.081142
-0.758652 -0.606825 0.237086
-0.758652 -0.606825 -0.237086
-0.780204 -0.620240 -0.081142
-0.840178 -0.519258 -0.156434
-0.963861 -0.266405 0.000000
-0.912982 -0.399607 -0.082324
-0.912982 -0.399607 0.082324
-0.711282 0.000000 -0.702907
-0.783843 -0.081086 -0.615642
-0.519258 0.156434 -0.840178
-0.620240 0.081142 -0.780204
-0.606825 -0.237086 -0.758652
-0.620240 -0.081142 -0.780204
-0.519258 -0.156434 -0.840178
0.000000 0.403355 -0.915043
-0.131655 0.358229 -0.924305
-0.133071 0.082242 -0.987688
-0.132792 0.220117 -0.966393
0.000000 0.137952 -0.990439
-0.264083 0.301259 -0.916244
-0.386187 0.238677 -0.891007
-0.131200 -0.484442 -0.864929
-0.131655 -0.358229 -0.924305
0.000000 -0.403355 -0.915043
-0.386187 -0.238677 -0.891007
-0.264083 -0.301259 -0.916244
-0.383614 -0.375039 -0.843911
0.000000 -0.137952 -0.990439
-0.132792 -0.220117 -0.966393
-0.133071 -0.082242 -0.987688
-0.399607 0.082324 -0.912982
-0.266405 0.000000 -0.963861
-0.399607 -0.082324 -0.912982
0.213023 0.571252 -0.792649
0.131200 0.484442 -0.864929
0.371748 0.707107 -0.601501
0.296005 0.647412 -0.702310
0.383614 0.375039 -0.843911
0.346153 0.516122 -0.783452
0.468430 0.453990 -0.757935
0.615642 0.783843 -0.081086
0.571252 0.792649 -0.213023
0.707107 0.601501 -0.371748
0.647412 0.702310 -0.296005
0.758652 0.606825 -0.237086
0.516122 0.783452 -0.346153
0.453990 0.757935 -0.468430
0.783843 0.081086 -0.615642
0.792649 0.213023 -0.571252
0.864929 0.131200 -0.484442
0.601501 0.371748 -0.707107
0.702310 0.296005 -0.647412
0.606825 0.237086 -0.758652
0.843911 0.383614 -0.375039
0.783452 0.346153 -0.516122
0.757935 0.468430 -0.453990
0.513375 0.646578 -0.564254
0.646578 0.564254 -0.513375
0.564254 0.513375 -0.646578
0.615642 -0.783843 0.081086
0.571252 -0.792649 0.213023
0.484442 -0.864929 0.131200
0.707107 -0.601501 0.371748
0.647412 -0.702310 0.296005
0.758652 -0.606825 0.237086
0.375039 -0.843911 0.383614
0.516122 -0.783452 0.346153
0.453990 -0.757935 0.468430
0.783843 -0.081086 0.615642
0.792649 -0.213023 0.571252
0.864929 -0.131200 0.484442
0.601501 -0.371748 0.707107
0.702310 -0.296005 0.647412
0.606825 -0.237086 0.758652
0.843911 -0.383614 0.375039
0.783452 -0.346153 0.516122
0.757935 -0.468430 0.453990
0.081086 -0.615642 0.783843
0.213023 -0.571252 0.792649
0.131200 -0.484442 0.864929
0.371748 -0.707107 0.601501
0.296005 -0.647412 0.702310
0.237086 -0.758652 0.606825
0.383614 -0.375039 0.843911
0.346153 -0.516122 0.783452
0.468430 -0.453990 0.757935
0.646578 -0.564254 0.513375
0.564254 -0.513375 0.646578
0.513375 -0.646578 0.564254
0.358229 -0.924305 0.131655
0.403355 -0.915043 0.000000
0.238677 -0.891007 0.386187
0.301259 -0.916244 0.264083
0.137952 -0.990439 0.000000
0.220117 -0.966393 0.132792
0.082242 -0.987688 0.133071
-0.081086 -0.615642 0.783843
0.000000 -0.702907 0.711282
-0.156434 -0.840178 0.519258
-0.081142 -0.780204 0.620240
-0.237086 -0.758652 0.606825
0.081142 -0.780204 0.620240
0.156434 -0.840178 0.519258
-0.403355 -0.915043 0.000000
-0.358229 -0.924305 0.131655
-0.484442 -0.864929 0.131200
-0.082242 -0.987688 0.133071
-0.220117 -0.966393 0.132792
-0.137952 -0.990439 0.000000
-0.375039 -0.843911 0.383614
-0.301259 -0.916244 0.264083
-0.238677 -0.891007 0.386187
0.082324 -0.912982 0.399607
-0.082324 -0.912982 0.399607
0.000000 -0.963861 0.266405
0.358229 -0.924305 -0.131655
0.484442 -0.864929 -0.131200
0.082242 -0.987688 -0.133071
0.220117 -0.966393 -0.132792
0.375039 -0.843911 -0.383614
0.301259 -0.916244 -0.264083
0.238677 -0.891007 -0.386187
-0.484442 -0.864929 -0.131200
-0.358229 -0.924305 -0.131655
-0.238677 -0.891007 -0.386187
-0.301259 -0.916244 -0.264083
-0.375039 -0.843911 -0.383614
-0.220117 -0.966393 -0.132792
-0.082242 -0.987688 -0.133071
0.081086 -0.615642 -0.783843
0.000000 -0.702907 -0.711282
-0.081086 -0.615642 -0.783843
0.156434 -0.840178 -0.519258
0.081142 -0.780204 -0.620240
0.237086 -0.758652 -0.606825
-0.237086 -0.758652 -0.606825
-0.081142 -0.780204 -0.620240
-0.156434 -0.840178 -0.519258
0.000000 -0.963861 -0.266405
-0.082324 -0.912982 -0.399607
0.082324 -0.912982 -0.399607
0.571252 -0.792649 -0.213023
0.615642 -0.783843 -0.081086
0.453990 -0.757935 -0.468430
0.516122 -0.783452 -0.346153
0.758652 -0.606825 -0.237086
0.647412 -0.702310 -0.296005
0.707107 -0.601501 -0.371748
0.131200 -0.484442 -0.864929
0.213023 -0.571252 -0.792649
0.468430 -0.453990 -0.757935
0.346153 -0.516122 -0.783452
0.383614 -0.375039 -0.843911
0.296005 -0.647412 -0.702310
0.371748 -0.707107 -0.601501
0.864929 -0.131200 -0.484442
0.792649 -0.213023 -0.571252
0.783843 -0.081086 -0.615642
0.757935 -0.468430 -0.453990
0.783452 -0.346153 -0.516122
0.843911 -0.383614 -0.375039
0.606825 -0.237086 -0.758652
0.702310 -0.296005 -0.647412
0.601501 -0.371748 -0.707107
0.513375 -0.646578 -0.564254
0.564254 -0.513375 -0.646578
0.646578 -0.564254 -0.513375
0.702907 -0.711282 0.000000
0.840178 -0.519258 -0.156434
0.780204 -0.620240 -0.081142
0.780204 -0.620240 0.081142
0.840178 -0.519258 0.156434
0.915043 0.000000 -0.403355
0.924305 -0.131655 -0.358229
0.987688 -0.133071 -0.082242
0.966393 -0.132792 -0.220117
0.990439 0.000000 -0.137952
0.916244 -0.264083 -0.301259
0.891007 -0.386187 -0.238677
0.924305 -0.131655 0.358229
0.915043 0.000000 0.403355
0.891007 -0.386187 0.238677
0.916244 -0.264083 0.301259
0.990439 0.000000 0.137952
0.966393 -0.132792 0.220117
0.987688 -0.133071 0.082242
0.912982 -0.399607 -0.082324
0.963861 -0.266405 0.000000
0.912982 -0.399607 0.082324
0.131655 -0.358229 0.924305
0.386187 -0.238677 0.891007
0.264083 -0.301259 0.916244
0.132792 -0.220117 0.966393
0.133071 -0.082242 0.987688
0.711282 0.000000 0.702907
0.519258 0.156434 0.840178
0.620240 0.081142 0.780204
0.620240 -0.081142 0.780204
0.519258 -0.156434 0.840178
0.131655 0.358229 0.924305
0.133071 0.082242 0.987688
0.132792 0.220117 0.966393
0.264083 0.301259 0.916244
0.386187 0.238677 0.891007
0.399607 -0.082324 0.912982
0.399607 0.082324 0.912982
0.266405 0.000000 0.963861
-0.571252 -0.792649 0.213023
-0.453990 -0.757935 0.468430
-0.516122 -0.783452 0.346153
-0.647412 -0.702310 0.296005
-0.707107 -0.601501 0.371748
-0.213023 -0.571252 0.792649
-0.468430 -0.453990 0.757935
-0.346153 -0.516122 0.783452
-0.296005 -0.647412 0.702310
-0.371748 -0.707107 0.601501
-0.792649 -0.213023 0.571252
-0.757935 -0.468430 0.453990
-0.783452 -0.346153 0.516122
-0.702310 -0.296005 0.647412
-0.601501 -0.371748 0.707107
-0.513375 -0.646578 0.564254
-0.564254 -0.513375 0.646578
-0.646578 -0.564254 0.513375
-0.213023 -0.571252 -0.792649
-0.371748 -0.707107 -0.601501
-0.296005 -0.647412 -0.702310
-0.346153 -0.516122 -0.783452
-0.468430 -0.453990 -0.757935
-0.571252 -0.792649 -0.213023
-0.707107 -0.601501 -0.371748
-0.647412 -0.702310 -0.296005
-0.516122 -0.783452 -0.346153
-0.453990 -0.757935 -0.468430
-0.792649 -0.213023 -0.571252
-0.601501 -0.371748 -0.707107
-0.702310 -0.296005 -0.647412
-0.783452 -0.346153 -0.516122
-0.757935 -0.468430 -0.453990
-0.513375 -0.646578 -0.564254
-0.646578 -0.564254 -0.513375
-0.564254 -0.513375 -0.646578
0.711282 0.000000 -0.702907
0.519258 -0.156434 -0.840178
0.620240 -0.081142 -0.780204
0.620240 0.081142 -0.780204
0.519258 0.156434 -0.840178
0.131655 -0.358229 -0.924305
0.133071 -0.082242 -0.987688
0.132792 -0.220117 -0.966393
0.264083 -0.301259 -0.916244
0.386187 -0.238677 -0.891007
0.131655 0.358229 -0.924305
0.386187 0.238677 -0.891007
0.264083 0.301259 -0.916244
0.132792 0.220117 -0.966393
0.133071 0.082242 -0.987688
0.399607 -0.082324 -0.912982
0.266405 0.000000 -0.963861
0.399607 0.082324 -0.912982
0.924305 0.131655 0.358229
0.987688 0.133071 0.082242
0.966393 0.132792 0.220117
0.916244 0.264083 0.301259
0.891007 0.386187 0.238677
0.924305 0.131655 -0.358229
0.891007 0.386187 -0.238677
0.916244 0.264083 -0.301259
0.966393 0.132792 -0.220117
0.987688 0.133071 -0.082242
0.702907 0.711282 0.000000
0.840178 0.519258 0.156434
0.780204 0.620240 0.081142
0.780204 0.620240 -0.081142
0.840178 0.519258 -0.156434
0.963861 0.266405 0.000000
0.912982 0.399607 -0.082324
0.912982 0.399607 0.082324
-0.525731 0.850651 0.000000
0.525731 0.850651 0.000000
-0.525731 -0.850651 0.000000
0.525731 -0.850651 0.000000
0.000000 -0.525731 0.850651
0.000000 0.525731 0.850651
0.000000 -0.525731 -0.850651
0.000000 0.525731 -0.850651
0.850651 0.000000 -0.525731
0.850651 0.000000 0.525731
-0.850651 0.000000 -0.525731
-0.850651 0.000000 0.525731
