642
-0.525731 0.601501 0.601501 -0.525731 0.850651 0.000000 10.0
0.525731 0.601501 0.601501 0.525731 0.850651 0.000000 10.0
-0.525731 -0.601501 -0.601501 -0.525731 -0.850651 0.000000 10.0
0.525731 -0.601501 -0.601501 0.525731 -0.850651 0.000000 10.0
0.000000 -0.973249 0.229753 0.000000 -0.525731 0.850651 10.0
0.000000 -0.229753 0.973249 0.000000 0.525731 0.850651 10.0
0.000000 0.229753 -0.973249 0.000000 -0.525731 -0.850651 0.1
0.000000 0.973249 -0.229753 0.000000 0.525731 -0.850651 0.1
0.850651 0.371748 -0.371748 0.850651 0.000000 -0.525731 0.1
0.850651 -0.371748 0.371748 0.850651 0.000000 0.525731 10.0
-0.850651 0.371748 -0.371748 -0.850651 0.000000 -0.525731 0.1
-0.850651 -0.371748 0.371748 -0.850651 0.000000 0.525731 10.0
-0.809017 0.135045 0.572061 -0.809017 0.500000 0.309017 10.0
-0.500000 -0.353553 0.790569 -0.500000 0.309017 0.809017 10.0
-0.309017 0.218508 0.925615 -0.309017 0.809017 0.500000 10.0
0.309017 0.218508 0.925615 0.309017 0.809017 0.500000 10.0
0.000000 0.707107 0.707107 0.000000 1.000000 0.000000 10.0
0.309017 0.925615 0.218508 0.309017 0.809017 -0.500000 0.1
-0.309017 0.925615 0.218508 -0.309017 0.809017 -0.500000 0.1
-0.500000 0.790569 -0.353553 -0.500000 0.309017 -0.809017 0.1
-0.809017 0.572061 0.135045 -0.809017 0.500000 -0.309017 0.1
-1.000000 0.000000 0.000000 -1.000000 0.000000 0.000000 10.0
0.500000 -0.353553 0.790569 0.500000 0.309017 0.809017 10.0
0.809017 0.135045 0.572061 0.809017 0.500000 0.309017 10.0
-0.500000 -0.790569 0.353553 -0.500000 -0.309017 0.809017 10.0
0.000000 -0.707107 0.707107 0.000000 0.000000 1.000000 10.0
-0.809017 -0.135045 -0.572061 -0.809017 -0.500000 -0.309017 0.1
-0.809017 -0.572061 -0.135045 -0.809017 -0.500000 0.309017 10.0
0.000000 0.707107 -0.707107 0.000000 0.000000 -1.000000 0.1
-0.500000 0.353553 -0.790569 -0.500000 -0.309017 -0.809017 0.1
0.809017 0.572061 0.135045 0.809017 0.500000 -0.309017 0.1
0.500000 0.790569 -0.353553 0.500000 0.309017 -0.809017 0.1
0.809017 -0.572061 -0.135045 0.809017 -0.500000 0.309017 10.0
0.500000 -0.790569 0.353553 0.500000 -0.309017 0.809017 10.0
0.309017 -0.925615 -0.218508 0.309017 -0.809017 0.500000 10.0
-0.309017 -0.925615 -0.218508 -0.309017 -0.809017 0.500000 10.0
0.000000 -0.707107 -0.707107 0.000000 -1.000000 0.000000 10.0
-0.309017 -0.218508 -0.925615 -0.309017 -0.809017 -0.500000 0.1
0.309017 -0.218508 -0.925615 0.309017 -0.809017 -0.500000 0.1
0.500000 0.353553 -0.790569 0.500000 -0.309017 -0.809017 0.1
0.809017 -0.135045 -0.572061 0.809017 -0.500000 -0.309017 0.1
1.000000 0.000000 0.000000 1.000000 0.000000 0.000000 10.0
-0.693780 0.382845 0.609999 -0.693780 0.702046 0.160622 10.0
-0.587785 0.185874 0.787375 -0.587785 0.688191 0.425325 10.0
-0.433889 0.426227 0.793770 -0.433889 0.862668 0.259892 10.0
-0.702046 -0.377000 0.604154 -0.702046 0.160622 0.693780 10.0
-0.688191 -0.114876 0.716377 -0.688191 0.425325 0.587785 10.0
-0.862668 -0.123034 0.490577 -0.862668 0.259892 0.433889 10.0
-0.160622 -0.005845 0.986999 -0.160622 0.693780 0.702046 10.0
-0.425325 -0.070998 0.902251 -0.425325 0.587785 0.688191 10.0
-0.259892 -0.303193 0.916804 -0.259892 0.433889 0.862668 10.0
-0.162460 0.486624 0.858373 -0.162460 0.951057 0.262866 10.0
-0.273267 0.680193 0.680193 -0.273267 0.961938 0.000000 10.0
0.160622 -0.005845 0.986999 0.160622 0.693780 0.702046 10.0
0.000000 0.229753 0.973249 0.000000 0.850651 0.525731 10.0
0.273267 0.680193 0.680193 0.273267 0.961938 0.000000 10.0
0.162460 0.486624 0.858373 0.162460 0.951057 0.262866 10.0
0.433889 0.426227 0.793770 0.433889 0.862668 0.259892 10.0
-0.162460 0.858373 0.486624 -0.162460 0.951057 -0.262866 0.1
-0.433889 0.793770 0.426227 -0.433889 0.862668 -0.259892 0.1
0.433889 0.793770 0.426227 0.433889 0.862668 -0.259892 0.1
0.162460 0.858373 0.486624 0.162460 0.951057 -0.262866 0.1
-0.160622 0.986999 -0.005845 -0.160622 0.693780 -0.702046 0.1
0.000000 0.973249 0.229753 0.000000 0.850651 -0.525731 0.1
0.160622 0.986999 -0.005845 0.160622 0.693780 -0.702046 0.1
-0.587785 0.787375 0.185874 -0.587785 0.688191 -0.425325 0.1
-0.693780 0.609999 0.382845 -0.693780 0.702046 -0.160622 0.1
-0.259892 0.916804 -0.303193 -0.259892 0.433889 -0.862668 0.1
-0.425325 0.902251 -0.070998 -0.425325 0.587785 -0.688191 0.1
-0.862668 0.490577 -0.123034 -0.862668 0.259892 -0.433889 0.1
-0.688191 0.716377 -0.114876 -0.688191 0.425325 -0.587785 0.1
-0.702046 0.604154 -0.377000 -0.702046 0.160622 -0.693780 0.1
-0.850651 0.371748 0.371748 -0.850651 0.525731 0.000000 10.0
-0.961938 0.193229 -0.193229 -0.961938 0.000000 -0.273267 0.1
-0.951057 0.300750 0.070998 -0.951057 0.262866 -0.162460 0.1
-0.951057 0.070998 0.300750 -0.951057 0.262866 0.162460 10.0
-0.961938 -0.193229 0.193229 -0.961938 0.000000 0.273267 10.0
0.587785 0.185874 0.787375 0.587785 0.688191 0.425325 10.0
0.693780 0.382845 0.609999 0.693780 0.702046 0.160622 10.0
0.259892 -0.303193 0.916804 0.259892 0.433889 0.862668 10.0
0.425325 -0.070998 0.902251 0.425325 0.587785 0.688191 10.0
0.862668 -0.123034 0.490577 0.862668 0.259892 0.433889 10.0
0.688191 -0.114876 0.716377 0.688191 0.425325 0.587785 10.0
0.702046 -0.377000 0.604154 0.702046 0.160622 0.693780 10.0
-0.262866 -0.557622 0.787375 -0.262866 0.162460 0.951057 10.0
0.000000 -0.486965 0.873422 0.000000 0.273267 0.961938 10.0
-0.702046 -0.604154 0.377000 -0.702046 -0.160622 0.693780 10.0
-0.525731 -0.601501 0.601501 -0.525731 0.000000 0.850651 10.0
0.000000 -0.873422 0.486965 0.000000 -0.273267 0.961938 10.0
-0.262866 -0.787375 0.557622 -0.262866 -0.162460 0.951057 10.0
-0.259892 -0.916804 0.303193 -0.259892 -0.433889 0.862668 10.0
-0.951057 -0.300750 -0.070998 -0.951057 -0.262866 0.162460 10.0
-0.862668 -0.490577 0.123034 -0.862668 -0.259892 0.433889 10.0
-0.862668 0.123034 -0.490577 -0.862668 -0.259892 -0.433889 0.1
-0.951057 -0.070998 -0.300750 -0.951057 -0.262866 -0.162460 0.1
-0.693780 -0.609999 -0.382845 -0.693780 -0.702046 0.160622 10.0
-0.850651 -0.371748 -0.371748 -0.850651 -0.525731 0.000000 10.0
-0.693780 -0.382845 -0.609999 -0.693780 -0.702046 -0.160622 0.1
-0.525731 0.601501 -0.601501 -0.525731 0.000000 -0.850651 0.1
-0.702046 0.377000 -0.604154 -0.702046 -0.160622 -0.693780 0.1
0.000000 0.873422 -0.486965 0.000000 0.273267 -0.961938 0.1
-0.262866 0.787375 -0.557622 -0.262866 0.162460 -0.951057 0.1
-0.259892 0.303193 -0.916804 -0.259892 -0.433889 -0.862668 0.1
-0.262866 0.557622 -0.787375 -0.262866 -0.162460 -0.951057 0.1
0.000000 0.486965 -0.873422 0.000000 -0.273267 -0.961938 0.1
0.425325 0.902251 -0.070998 0.425325 0.587785 -0.688191 0.1
0.259892 0.916804 -0.303193 0.259892 0.433889 -0.862668 0.1
0.693780 0.609999 0.382845 0.693780 0.702046 -0.160622 0.1
0.587785 0.787375 0.185874 0.587785 0.688191 -0.425325 0.1
0.702046 0.604154 -0.377000 0.702046 0.160622 -0.693780 0.1
0.688191 0.716377 -0.114876 0.688191 0.425325 -0.587785 0.1
0.862668 0.490577 -0.123034 0.862668 0.259892 -0.433889 0.1
0.693780 -0.609999 -0.382845 0.693780 -0.702046 0.160622 10.0
0.587785 -0.787375 -0.185874 0.587785 -0.688191 0.425325 10.0
0.433889 -0.793770 -0.426227 0.433889 -0.862668 0.259892 10.0
0.702046 -0.604154 0.377000 0.702046 -0.160622 0.693780 10.0
0.688191 -0.716377 0.114876 0.688191 -0.425325 0.587785 10.0
0.862668 -0.490577 0.123034 0.862668 -0.259892 0.433889 10.0
0.160622 -0.986999 0.005845 0.160622 -0.693780 0.702046 10.0
0.425325 -0.902251 0.070998 0.425325 -0.587785 0.688191 10.0
0.259892 -0.916804 0.303193 0.259892 -0.433889 0.862668 10.0
0.162460 -0.858373 -0.486624 0.162460 -0.951057 0.262866 10.0
0.273267 -0.680193 -0.680193 0.273267 -0.961938 0.000000 10.0
-0.160622 -0.986999 0.005845 -0.160622 -0.693780 0.702046 10.0
0.000000 -0.973249 -0.229753 0.000000 -0.850651 0.525731 10.0
-0.273267 -0.680193 -0.680193 -0.273267 -0.961938 0.000000 10.0
-0.162460 -0.858373 -0.486624 -0.162460 -0.951057 0.262866 10.0
-0.433889 -0.793770 -0.426227 -0.433889 -0.862668 0.259892 10.0
0.162460 -0.486624 -0.858373 0.162460 -0.951057 -0.262866 0.1
0.433889 -0.426227 -0.793770 0.433889 -0.862668 -0.259892 0.1
-0.433889 -0.426227 -0.793770 -0.433889 -0.862668 -0.259892 0.1
-0.162460 -0.486624 -0.858373 -0.162460 -0.951057 -0.262866 0.1
0.160622 0.005845 -0.986999 0.160622 -0.693780 -0.702046 0.1
0.000000 -0.229753 -0.973249 0.000000 -0.850651 -0.525731 0.1
-0.160622 0.005845 -0.986999 -0.160622 -0.693780 -0.702046 0.1
0.587785 -0.185874 -0.787375 0.587785 -0.688191 -0.425325 0.1
0.693780 -0.382845 -0.609999 0.693780 -0.702046 -0.160622 0.1
0.259892 0.303193 -0.916804 0.259892 -0.433889 -0.862668 0.1
0.425325 0.070998 -0.902251 0.425325 -0.587785 -0.688191 0.1
0.862668 0.123034 -0.490577 0.862668 -0.259892 -0.433889 0.1
0.688191 0.114876 -0.716377 0.688191 -0.425325 -0.587785 0.1
0.702046 0.377000 -0.604154 0.702046 -0.160622 -0.693780 0.1
0.850651 -0.371748 -0.371748 0.850651 -0.525731 0.000000 10.0
0.961938 0.193229 -0.193229 0.961938 0.000000 -0.273267 0.1
0.951057 -0.070998 -0.300750 0.951057 -0.262866 -0.162460 0.1
0.951057 -0.300750 -0.070998 0.951057 -0.262866 0.162460 10.0
0.961938 -0.193229 0.193229 0.961938 0.000000 0.273267 10.0
0.262866 -0.787375 0.557622 0.262866 -0.162460 0.951057 10.0
0.525731 -0.601501 0.601501 0.525731 0.000000 0.850651 10.0
0.262866 -0.557622 0.787375 0.262866 0.162460 0.951057 10.0
-0.587785 -0.787375 -0.185874 -0.587785 -0.688191 0.425325 10.0
-0.425325 -0.902251 0.070998 -0.425325 -0.587785 0.688191 10.0
-0.688191 -0.716377 0.114876 -0.688191 -0.425325 0.587785 10.0
-0.425325 0.070998 -0.902251 -0.425325 -0.587785 -0.688191 0.1
-0.587785 -0.185874 -0.787375 -0.587785 -0.688191 -0.425325 0.1
-0.688191 0.114876 -0.716377 -0.688191 -0.425325 -0.587785 0.1
0.525731 0.601501 -0.601501 0.525731 0.000000 -0.850651 0.1
0.262866 0.557622 -0.787375 0.262866 -0.162460 -0.951057 0.1
0.262866 0.787375 -0.557622 0.262866 0.162460 -0.951057 0.1
0.951057 0.070998 0.300750 0.951057 0.262866 0.162460 10.0
0.951057 0.300750 0.070998 0.951057 0.262866 -0.162460 0.1
0.850651 0.371748 0.371748 0.850651 0.525731 0.000000 10.0
-0.615642 0.496924 0.611597 -0.615642 0.783843 0.081086 10.0
-0.571252 0.409858 0.711118 -0.571252 0.792649 0.213023 10.0
-0.484442 0.518825 0.704370 -0.484442 0.864929 0.131200 10.0
-0.707107 0.162460 0.688191 -0.707107 0.601501 0.371748 10.0
-0.647412 0.287301 0.705915 -0.647412 0.702310 0.296005 10.0
-0.758652 0.261445 0.596736 -0.758652 0.606825 0.237086 10.0
-0.375039 0.325480 0.867991 -0.375039 0.843911 0.383614 10.0
-0.516122 0.309217 0.798751 -0.516122 0.783452 0.346153 10.0
-0.453990 0.204711 0.867171 -0.453990 0.757935 0.468430 10.0
-0.783843 -0.377988 0.492661 -0.783843 0.081086 0.615642 10.0
-0.792649 -0.253306 0.554566 -0.792649 0.213023 0.571252 10.0
-0.864929 -0.249779 0.435325 -0.864929 0.131200 0.484442 10.0
-0.601501 -0.237134 0.762866 -0.601501 0.371748 0.707107 10.0
-0.702310 -0.248482 0.667096 -0.702310 0.296005 0.647412 10.0
-0.606825 -0.368803 0.704094 -0.606825 0.237086 0.758652 10.0
-0.843911 0.006064 0.536448 -0.843911 0.383614 0.375039 10.0
-0.783452 -0.120186 0.609720 -0.783452 0.346153 0.516122 10.0
-0.757935 0.010210 0.652250 -0.757935 0.468430 0.453990 10.0
-0.081086 -0.118936 0.989585 -0.081086 0.615642 0.783843 10.0
-0.213023 -0.156552 0.964424 -0.213023 0.571252 0.792649 10.0
-0.131200 -0.269045 0.954149 -0.131200 0.484442 0.864929 10.0
-0.371748 0.074675 0.925325 -0.371748 0.707107 0.601501 10.0
-0.296005 -0.038819 0.954397 -0.296005 0.647412 0.702310 10.0
-0.237086 0.107358 0.965538 -0.237086 0.758652 0.606825 10.0
-0.383614 -0.331543 0.861928 -0.383614 0.375039 0.843911 10.0
-0.346153 -0.189031 0.918937 -0.346153 0.516122 0.783452 10.0
-0.468430 -0.214922 0.856961 -0.468430 0.453990 0.757935 10.0
-0.646578 0.035977 0.761999 -0.646578 0.564254 0.513375 10.0
-0.564254 -0.094188 0.820211 -0.564254 0.513375 0.646578 10.0
-0.513375 0.058212 0.856188 -0.513375 0.646578 0.564254 10.0
-0.358229 0.560488 0.746676 -0.358229 0.924305 0.131655 10.0
-0.403355 0.647033 0.647033 -0.403355 0.915043 0.000000 10.0
-0.238677 0.356961 0.903112 -0.238677 0.891007 0.386187 10.0
-0.301259 0.461148 0.834617 -0.301259 0.916244 0.264083 10.0
-0.137952 0.700346 0.700346 -0.137952 0.990439 0.000000 10.0
-0.220117 0.589444 0.777241 -0.220117 0.966393 0.132792 10.0
-0.082242 0.604306 0.792497 -0.082242 0.987688 0.133071 10.0
0.081086 -0.118936 0.989585 0.081086 0.615642 0.783843 10.0
0.000000 -0.005922 0.999982 0.000000 0.702907 0.711282 10.0
0.156434 0.226924 0.961267 0.156434 0.840178 0.519258 10.0
0.081142 0.113112 0.990263 0.081142 0.780204 0.620240 10.0
0.237086 0.107358 0.965538 0.237086 0.758652 0.606825 10.0
-0.081142 0.113112 0.990263 -0.081142 0.780204 0.620240 10.0
-0.156434 0.226924 0.961267 -0.156434 0.840178 0.519258 10.0
0.403355 0.647033 0.647033 0.403355 0.915043 0.000000 10.0
0.358229 0.560488 0.746676 0.358229 0.924305 0.131655 10.0
0.484442 0.518825 0.704370 0.484442 0.864929 0.131200 10.0
0.082242 0.604306 0.792497 0.082242 0.987688 0.133071 10.0
0.220117 0.589444 0.777241 0.220117 0.966393 0.132792 10.0
0.137952 0.700346 0.700346 0.137952 0.990439 0.000000 10.0
0.375039 0.325480 0.867991 0.375039 0.843911 0.383614 10.0
0.301259 0.461148 0.834617 0.301259 0.916244 0.264083 10.0
0.238677 0.356961 0.903112 0.238677 0.891007 0.386187 10.0
-0.082324 0.363011 0.928141 -0.082324 0.912982 0.399607 10.0
0.082324 0.363011 0.928141 0.082324 0.912982 0.399607 10.0
0.000000 0.493176 0.869929 0.000000 0.963861 0.266405 10.0
-0.358229 0.746676 0.560488 -0.358229 0.924305 -0.131655 0.1
-0.484442 0.704370 0.518825 -0.484442 0.864929 -0.131200 0.1
-0.082242 0.792497 0.604306 -0.082242 0.987688 -0.133071 0.1
-0.220117 0.777241 0.589444 -0.220117 0.966393 -0.132792 0.1
-0.375039 0.867991 0.325480 -0.375039 0.843911 -0.383614 0.1
-0.301259 0.834617 0.461148 -0.301259 0.916244 -0.264083 0.1
-0.238677 0.903112 0.356961 -0.238677 0.891007 -0.386187 0.1
0.484442 0.704370 0.518825 0.484442 0.864929 -0.131200 0.1
0.358229 0.746676 0.560488 0.358229 0.924305 -0.131655 0.1
0.238677 0.903112 0.356961 0.238677 0.891007 -0.386187 0.1
0.301259 0.834617 0.461148 0.301259 0.916244 -0.264083 0.1
0.375039 0.867991 0.325480 0.375039 0.843911 -0.383614 0.1
0.220117 0.777241 0.589444 0.220117 0.966393 -0.132792 0.1
0.082242 0.792497 0.604306 0.082242 0.987688 -0.133071 0.1
-0.081086 0.989585 -0.118936 -0.081086 0.615642 -0.783843 0.1
0.000000 0.999982 -0.005922 0.000000 0.702907 -0.711282 0.1
0.081086 0.989585 -0.118936 0.081086 0.615642 -0.783843 0.1
-0.156434 0.961267 0.226924 -0.156434 0.840178 -0.519258 0.1
-0.081142 0.990263 0.113112 -0.081142 0.780204 -0.620240 0.1
-0.237086 0.965538 0.107358 -0.237086 0.758652 -0.606825 0.1
0.237086 0.965538 0.107358 0.237086 0.758652 -0.606825 0.1
0.081142 0.990263 0.113112 0.081142 0.780204 -0.620240 0.1
0.156434 0.961267 0.226924 0.156434 0.840178 -0.519258 0.1
0.000000 0.869929 0.493176 0.000000 0.963861 -0.266405 0.1
0.082324 0.928141 0.363011 0.082324 0.912982 -0.399607 0.1
-0.082324 0.928141 0.363011 -0.082324 0.912982 -0.399607 0.1
-0.571252 0.711118 0.409858 -0.571252 0.792649 -0.213023 0.1
-0.615642 0.611597 0.496924 -0.615642 0.783843 -0.081086 0.1
-0.453990 0.867171 0.204711 -0.453990 0.757935 -0.468430 0.1
-0.516122 0.798751 0.309217 -0.516122 0.783452 -0.346153 0.1
-0.758652 0.596736 0.261445 -0.758652 0.606825 -0.237086 0.1
-0.647412 0.705915 0.287301 -0.647412 0.702310 -0.296005 0.1
-0.707107 0.688191 0.162460 -0.707107 0.601501 -0.371748 0.1
-0.131200 0.954149 -0.269045 -0.131200 0.484442 -0.864929 0.1
-0.213023 0.964424 -0.156552 -0.213023 0.571252 -0.792649 0.1
-0.468430 0.856961 -0.214922 -0.468430 0.453990 -0.757935 0.1
-0.346153 0.918937 -0.189031 -0.346153 0.516122 -0.783452 0.1
-0.383614 0.861928 -0.331543 -0.383614 0.375039 -0.843911 0.1
-0.296005 0.954397 -0.038819 -0.296005 0.647412 -0.702310 0.1
-0.371748 0.925325 0.074675 -0.371748 0.707107 -0.601501 0.1
-0.864929 0.435325 -0.249779 -0.864929 0.131200 -0.484442 0.1
-0.792649 0.554566 -0.253306 -0.792649 0.213023 -0.571252 0.1
-0.783843 0.492661 -0.377988 -0.783843 0.081086 -0.615642 0.1
-0.757935 0.652250 0.010210 -0.757935 0.468430 -0.453990 0.1
-0.783452 0.609720 -0.120186 -0.783452 0.346153 -0.516122 0.1
-0.843911 0.536448 0.006064 -0.843911 0.383614 -0.375039 0.1
-0.606825 0.704094 -0.368803 -0.606825 0.237086 -0.758652 0.1
-0.702310 0.667096 -0.248482 -0.702310 0.296005 -0.647412 0.1
-0.601501 0.762866 -0.237134 -0.601501 0.371748 -0.707107 0.1
-0.513375 0.856188 0.058212 -0.513375 0.646578 -0.564254 0.1
-0.564254 0.820211 -0.094188 -0.564254 0.513375 -0.646578 0.1
-0.646578 0.761999 0.035977 -0.646578 0.564254 -0.513375 0.1
-0.702907 0.502952 0.502952 -0.702907 0.711282 0.000000 10.0
-0.840178 0.477787 0.256555 -0.840178 0.519258 -0.156434 0.1
-0.780204 0.495952 0.381200 -0.780204 0.620240 -0.081142 0.1
-0.780204 0.381200 0.495952 -0.780204 0.620240 0.081142 10.0
-0.840178 0.256555 0.477787 -0.840178 0.519258 0.156434 10.0
-0.915043 0.285215 -0.285215 -0.915043 0.000000 -0.403355 0.1
-0.924305 0.346400 -0.160212 -0.924305 0.131655 -0.358229 0.1
-0.987688 0.152250 0.035941 -0.987688 0.133071 -0.082242 0.1
-0.966393 0.249545 -0.061748 -0.966393 0.132792 -0.220117 0.1
-0.990439 0.097547 -0.097547 -0.990439 0.000000 -0.137952 0.1
-0.916244 0.399757 -0.026287 -0.916244 0.264083 -0.301259 0.1
-0.891007 0.441846 0.104306 -0.891007 0.386187 -0.238677 0.1
-0.924305 -0.160212 0.346400 -0.924305 0.131655 0.358229 10.0
-0.915043 -0.285215 0.285215 -0.915043 0.000000 0.403355 10.0
-0.891007 0.104306 0.441846 -0.891007 0.386187 0.238677 10.0
-0.916244 -0.026287 0.399757 -0.916244 0.264083 0.301259 10.0
-0.990439 -0.097547 0.097547 -0.990439 0.000000 0.137952 10.0
-0.966393 -0.061748 0.249545 -0.966393 0.132792 0.220117 10.0
-0.987688 0.035941 0.152250 -0.987688 0.133071 0.082242 10.0
-0.912982 0.340776 0.224353 -0.912982 0.399607 -0.082324 0.1
-0.963861 0.188377 0.188377 -0.963861 0.266405 0.000000 10.0
-0.912982 0.224353 0.340776 -0.912982 0.399607 0.082324 10.0
0.571252 0.409858 0.711118 0.571252 0.792649 0.213023 10.0
0.615642 0.496924 0.611597 0.615642 0.783843 0.081086 10.0
0.453990 0.204711 0.867171 0.453990 0.757935 0.468430 10.0
0.516122 0.309217 0.798751 0.516122 0.783452 0.346153 10.0
0.758652 0.261445 0.596736 0.758652 0.606825 0.237086 10.0
0.647412 0.287301 0.705915 0.647412 0.702310 0.296005 10.0
0.707107 0.162460 0.688191 0.707107 0.601501 0.371748 10.0
0.131200 -0.269045 0.954149 0.131200 0.484442 0.864929 10.0
0.213023 -0.156552 0.964424 0.213023 0.571252 0.792649 10.0
0.468430 -0.214922 0.856961 0.468430 0.453990 0.757935 10.0
0.346153 -0.189031 0.918937 0.346153 0.516122 0.783452 10.0
0.383614 -0.331543 0.861928 0.383614 0.375039 0.843911 10.0
0.296005 -0.038819 0.954397 0.296005 0.647412 0.702310 10.0
0.371748 0.074675 0.925325 0.371748 0.707107 0.601501 10.0
0.864929 -0.249779 0.435325 0.864929 0.131200 0.484442 10.0
0.792649 -0.253306 0.554566 0.792649 0.213023 0.571252 10.0
0.783843 -0.377988 0.492661 0.783843 0.081086 0.615642 10.0
0.757935 0.010210 0.652250 0.757935 0.468430 0.453990 10.0
0.783452 -0.120186 0.609720 0.783452 0.346153 0.516122 10.0
0.843911 0.006064 0.536448 0.843911 0.383614 0.375039 10.0
0.606825 -0.368803 0.704094 0.606825 0.237086 0.758652 10.0
0.702310 -0.248482 0.667096 0.702310 0.296005 0.647412 10.0
0.601501 -0.237134 0.762866 0.601501 0.371748 0.707107 10.0
0.513375 0.058212 0.856188 0.513375 0.646578 0.564254 10.0
0.564254 -0.094188 0.820211 0.564254 0.513375 0.646578 10.0
0.646578 0.035977 0.761999 0.646578 0.564254 0.513375 10.0
-0.131655 -0.400276 0.906888 -0.131655 0.358229 0.924305 10.0
0.000000 -0.361818 0.932249 0.000000 0.403355 0.915043 10.0
-0.386187 -0.461267 0.798807 -0.386187 0.238677 0.891007 10.0
-0.264083 -0.434860 0.860905 -0.264083 0.301259 0.916244 10.0
0.000000 -0.602799 0.797893 0.000000 0.137952 0.990439 10.0
-0.132792 -0.527697 0.838989 -0.132792 0.220117 0.966393 10.0
-0.133071 -0.640247 0.756555 -0.133071 0.082242 0.987688 10.0
-0.783843 -0.492661 0.377988 -0.783843 -0.081086 0.615642 10.0
-0.711282 -0.497030 0.497030 -0.711282 0.000000 0.702907 10.0
-0.519258 -0.704711 0.483480 -0.519258 -0.156434 0.840178 10.0
-0.620240 -0.609064 0.494312 -0.620240 -0.081142 0.780204 10.0
-0.606825 -0.704094 0.368803 -0.606825 -0.237086 0.758652 10.0
-0.620240 -0.494312 0.609064 -0.620240 0.081142 0.780204 10.0
-0.519258 -0.483480 0.704711 -0.519258 0.156434 0.840178 10.0
0.000000 -0.932249 0.361818 0.000000 -0.403355 0.915043 10.0
-0.131655 -0.906888 0.400276 -0.131655 -0.358229 0.924305 10.0
-0.131200 -0.954149 0.269045 -0.131200 -0.484442 0.864929 10.0
-0.133071 -0.756555 0.640247 -0.133071 -0.082242 0.987688 10.0
-0.132792 -0.838989 0.527697 -0.132792 -0.220117 0.966393 10.0
0.000000 -0.797893 0.602799 0.000000 -0.137952 0.990439 10.0
-0.383614 -0.861928 0.331543 -0.383614 -0.375039 0.843911 10.0
-0.264083 -0.860905 0.434860 -0.264083 -0.301259 0.916244 10.0
-0.386187 -0.798807 0.461267 -0.386187 -0.238677 0.891007 10.0
-0.399607 -0.587365 0.703788 -0.399607 0.082324 0.912982 10.0
-0.399607 -0.703788 0.587365 -0.399607 -0.082324 0.912982 10.0
-0.266405 -0.681553 0.681553 -0.266405 0.000000 0.963861 10.0
-0.924305 -0.346400 0.160212 -0.924305 -0.131655 0.358229 10.0
-0.864929 -0.435325 0.249779 -0.864929 -0.131200 0.484442 10.0
-0.987688 -0.152250 -0.035941 -0.987688 -0.133071 0.082242 10.0
-0.966393 -0.249545 0.061748 -0.966393 -0.132792 0.220117 10.0
-0.843911 -0.536448 -0.006064 -0.843911 -0.383614 0.375039 10.0
-0.916244 -0.399757 0.026287 -0.916244 -0.264083 0.301259 10.0
-0.891007 -0.441846 -0.104306 -0.891007 -0.386187 0.238677 10.0
-0.864929 0.249779 -0.435325 -0.864929 -0.131200 -0.484442 0.1
-0.924305 0.160212 -0.346400 -0.924305 -0.131655 -0.358229 0.1
-0.891007 -0.104306 -0.441846 -0.891007 -0.386187 -0.238677 0.1
-0.916244 0.026287 -0.399757 -0.916244 -0.264083 -0.301259 0.1
-0.843911 -0.006064 -0.536448 -0.843911 -0.383614 -0.375039 0.1
-0.966393 0.061748 -0.249545 -0.966393 -0.132792 -0.220117 0.1
-0.987688 -0.035941 -0.152250 -0.987688 -0.133071 -0.082242 0.1
-0.615642 -0.611597 -0.496924 -0.615642 -0.783843 0.081086 10.0
-0.702907 -0.502952 -0.502952 -0.702907 -0.711282 0.000000 10.0
-0.615642 -0.496924 -0.611597 -0.615642 -0.783843 -0.081086 0.1
-0.840178 -0.477787 -0.256555 -0.840178 -0.519258 0.156434 10.0
-0.780204 -0.495952 -0.381200 -0.780204 -0.620240 0.081142 10.0
-0.758652 -0.596736 -0.261445 -0.758652 -0.606825 0.237086 10.0
-0.758652 -0.261445 -0.596736 -0.758652 -0.606825 -0.237086 0.1
-0.780204 -0.381200 -0.495952 -0.780204 -0.620240 -0.081142 0.1
-0.840178 -0.256555 -0.477787 -0.840178 -0.519258 -0.156434 0.1
-0.963861 -0.188377 -0.188377 -0.963861 -0.266405 0.000000 10.0
-0.912982 -0.224353 -0.340776 -0.912982 -0.399607 -0.082324 0.1
-0.912982 -0.340776 -0.224353 -0.912982 -0.399607 0.082324 10.0
-0.711282 0.497030 -0.497030 -0.711282 0.000000 -0.702907 0.1
-0.783843 0.377988 -0.492661 -0.783843 -0.081086 -0.615642 0.1
-0.519258 0.704711 -0.483480 -0.519258 0.156434 -0.840178 0.1
-0.620240 0.609064 -0.494312 -0.620240 0.081142 -0.780204 0.1
-0.606825 0.368803 -0.704094 -0.606825 -0.237086 -0.758652 0.1
-0.620240 0.494312 -0.609064 -0.620240 -0.081142 -0.780204 0.1
-0.519258 0.483480 -0.704711 -0.519258 -0.156434 -0.840178 0.1
0.000000 0.932249 -0.361818 0.000000 0.403355 -0.915043 0.1
-0.131655 0.906888 -0.400276 -0.131655 0.358229 -0.924305 0.1
-0.133071 0.756555 -0.640247 -0.133071 0.082242 -0.987688 0.1
-0.132792 0.838989 -0.527697 -0.132792 0.220117 -0.966393 0.1
0.000000 0.797893 -0.602799 0.000000 0.137952 -0.990439 0.1
-0.264083 0.860905 -0.434860 -0.264083 0.301259 -0.916244 0.1
-0.386187 0.798807 -0.461267 -0.386187 0.238677 -0.891007 0.1
-0.131200 0.269045 -0.954149 -0.131200 -0.484442 -0.864929 0.1
-0.131655 0.400276 -0.906888 -0.131655 -0.358229 -0.924305 0.1
0.000000 0.361818 -0.932249 0.000000 -0.403355 -0.915043 0.1
-0.386187 0.461267 -0.798807 -0.386187 -0.238677 -0.891007 0.1
-0.264083 0.434860 -0.860905 -0.264083 -0.301259 -0.916244 0.1
-0.383614 0.331543 -0.861928 -0.383614 -0.375039 -0.843911 0.1
0.000000 0.602799 -0.797893 0.000000 -0.137952 -0.990439 0.1
-0.132792 0.527697 -0.838989 -0.132792 -0.220117 -0.966393 0.1
-0.133071 0.640247 -0.756555 -0.133071 -0.082242 -0.987688 0.1
-0.399607 0.703788 -0.587365 -0.399607 0.082324 -0.912982 0.1
-0.266405 0.681553 -0.681553 -0.266405 0.000000 -0.963861 0.1
-0.399607 0.587365 -0.703788 -0.399607 -0.082324 -0.912982 0.1
0.213023 0.964424 -0.156552 0.213023 0.571252 -0.792649 0.1
0.131200 0.954149 -0.269045 0.131200 0.484442 -0.864929 0.1
0.371748 0.925325 0.074675 0.371748 0.707107 -0.601501 0.1
0.296005 0.954397 -0.038819 0.296005 0.647412 -0.702310 0.1
0.383614 0.861928 -0.331543 0.383614 0.375039 -0.843911 0.1
0.346153 0.918937 -0.189031 0.346153 0.516122 -0.783452 0.1
0.468430 0.856961 -0.214922 0.468430 0.453990 -0.757935 0.1
0.615642 0.611597 0.496924 0.615642 0.783843 -0.081086 0.1
0.571252 0.711118 0.409858 0.571252 0.792649 -0.213023 0.1
0.707107 0.688191 0.162460 0.707107 0.601501 -0.371748 0.1
0.647412 0.705915 0.287301 0.647412 0.702310 -0.296005 0.1
0.758652 0.596736 0.261445 0.758652 0.606825 -0.237086 0.1
0.516122 0.798751 0.309217 0.516122 0.783452 -0.346153 0.1
0.453990 0.867171 0.204711 0.453990 0.757935 -0.468430 0.1
0.783843 0.492661 -0.377988 0.783843 0.081086 -0.615642 0.1
0.792649 0.554566 -0.253306 0.792649 0.213023 -0.571252 0.1
0.864929 0.435325 -0.249779 0.864929 0.131200 -0.484442 0.1
0.601501 0.762866 -0.237134 0.601501 0.371748 -0.707107 0.1
0.702310 0.667096 -0.248482 0.702310 0.296005 -0.647412 0.1
0.606825 0.704094 -0.368803 0.606825 0.237086 -0.758652 0.1
0.843911 0.536448 0.006064 0.843911 0.383614 -0.375039 0.1
0.783452 0.609720 -0.120186 0.783452 0.346153 -0.516122 0.1
0.757935 0.652250 0.010210 0.757935 0.468430 -0.453990 0.1
0.513375 0.856188 0.058212 0.513375 0.646578 -0.564254 0.1
0.646578 0.761999 0.035977 0.646578 0.564254 -0.513375 0.1
0.564254 0.820211 -0.094188 0.564254 0.513375 -0.646578 0.1
0.615642 -0.611597 -0.496924 0.615642 -0.783843 0.081086 10.0
0.571252 -0.711118 -0.409858 0.571252 -0.792649 0.213023 10.0
0.484442 -0.704370 -0.518825 0.484442 -0.864929 0.131200 10.0
0.707107 -0.688191 -0.162460 0.707107 -0.601501 0.371748 10.0
0.647412 -0.705915 -0.287301 0.647412 -0.702310 0.296005 10.0
0.758652 -0.596736 -0.261445 0.758652 -0.606825 0.237086 10.0
0.375039 -0.867991 -0.325480 0.375039 -0.843911 0.383614 10.0
0.516122 -0.798751 -0.309217 0.516122 -0.783452 0.346153 10.0
0.453990 -0.867171 -0.204711 0.453990 -0.757935 0.468430 10.0
0.783843 -0.492661 0.377988 0.783843 -0.081086 0.615642 10.0
0.792649 -0.554566 0.253306 0.792649 -0.213023 0.571252 10.0
0.864929 -0.435325 0.249779 0.864929 -0.131200 0.484442 10.0
0.601501 -0.762866 0.237134 0.601501 -0.371748 0.707107 10.0
0.702310 -0.667096 0.248482 0.702310 -0.296005 0.647412 10.0
0.606825 -0.704094 0.368803 0.606825 -0.237086 0.758652 10.0
0.843911 -0.536448 -0.006064 0.843911 -0.383614 0.375039 10.0
0.783452 -0.609720 0.120186 0.783452 -0.346153 0.516122 10.0
0.757935 -0.652250 -0.010210 0.757935 -0.468430 0.453990 10.0
0.081086 -0.989585 0.118936 0.081086 -0.615642 0.783843 10.0
0.213023 -0.964424 0.156552 0.213023 -0.571252 0.792649 10.0
0.131200 -0.954149 0.269045 0.131200 -0.484442 0.864929 10.0
0.371748 -0.925325 -0.074675 0.371748 -0.707107 0.601501 10.0
0.296005 -0.954397 0.038819 0.296005 -0.647412 0.702310 10.0
0.237086 -0.965538 -0.107358 0.237086 -0.758652 0.606825 10.0
0.383614 -0.861928 0.331543 0.383614 -0.375039 0.843911 10.0
0.346153 -0.918937 0.189031 0.346153 -0.516122 0.783452 10.0
0.468430 -0.856961 0.214922 0.468430 -0.453990 0.757935 10.0
0.646578 -0.761999 -0.035977 0.646578 -0.564254 0.513375 10.0
0.564254 -0.820211 0.094188 0.564254 -0.513375 0.646578 10.0
0.513375 -0.856188 -0.058212 0.513375 -0.646578 0.564254 10.0
0.358229 -0.746676 -0.560488 0.358229 -0.924305 0.131655 10.0
0.403355 -0.647033 -0.647033 0.403355 -0.915043 0.000000 10.0
0.238677 -0.903112 -0.356961 0.238677 -0.891007 0.386187 10.0
0.301259 -0.834617 -0.461148 0.301259 -0.916244 0.264083 10.0
0.137952 -0.700346 -0.700346 0.137952 -0.990439 0.000000 10.0
0.220117 -0.777241 -0.589444 0.220117 -0.966393 0.132792 10.0
0.082242 -0.792497 -0.604306 0.082242 -0.987688 0.133071 10.0
-0.081086 -0.989585 0.118936 -0.081086 -0.615642 0.783843 10.0
0.000000 -0.999982 0.005922 0.000000 -0.702907 0.711282 10.0
-0.156434 -0.961267 -0.226924 -0.156434 -0.840178 0.519258 10.0
-0.081142 -0.990263 -0.113112 -0.081142 -0.780204 0.620240 10.0
-0.237086 -0.965538 -0.107358 -0.237086 -0.758652 0.606825 10.0
0.081142 -0.990263 -0.113112 0.081142 -0.780204 0.620240 10.0
0.156434 -0.961267 -0.226924 0.156434 -0.840178 0.519258 10.0
-0.403355 -0.647033 -0.647033 -0.403355 -0.915043 0.000000 10.0
-0.358229 -0.746676 -0.560488 -0.358229 -0.924305 0.131655 10.0
-0.484442 -0.704370 -0.518825 -0.484442 -0.864929 0.131200 10.0
-0.082242 -0.792497 -0.604306 -0.082242 -0.987688 0.133071 10.0
-0.220117 -0.777241 -0.589444 -0.220117 -0.966393 0.132792 10.0
-0.137952 -0.700346 -0.700346 -0.137952 -0.990439 0.000000 10.0
-0.375039 -0.867991 -0.325480 -0.375039 -0.843911 0.383614 10.0
-0.301259 -0.834617 -0.461148 -0.301259 -0.916244 0.264083 10.0
-0.238677 -0.903112 -0.356961 -0.238677 -0.891007 0.386187 10.0
0.082324 -0.928141 -0.363011 0.082324 -0.912982 0.399607 10.0
-0.082324 -0.928141 -0.363011 -0.082324 -0.912982 0.399607 10.0
0.000000 -0.869929 -0.493176 0.000000 -0.963861 0.266405 10.0
0.358229 -0.560488 -0.746676 0.358229 -0.924305 -0.131655 0.1
0.484442 -0.518825 -0.704370 0.484442 -0.864929 -0.131200 0.1
0.082242 -0.604306 -0.792497 0.082242 -0.987688 -0.133071 0.1
0.220117 -0.589444 -0.777241 0.220117 -0.966393 -0.132792 0.1
0.375039 -0.325480 -0.867991 0.375039 -0.843911 -0.383614 0.1
0.301259 -0.461148 -0.834617 0.301259 -0.916244 -0.264083 0.1
0.238677 -0.356961 -0.903112 0.238677 -0.891007 -0.386187 0.1
-0.484442 -0.518825 -0.704370 -0.484442 -0.864929 -0.131200 0.1
-0.358229 -0.560488 -0.746676 -0.358229 -0.924305 -0.131655 0.1
-0.238677 -0.356961 -0.903112 -0.238677 -0.891007 -0.386187 0.1
-0.301259 -0.461148 -0.834617 -0.301259 -0.916244 -0.264083 0.1
-0.375039 -0.325480 -0.867991 -0.375039 -0.843911 -0.383614 0.1
-0.220117 -0.589444 -0.777241 -0.220117 -0.966393 -0.132792 0.1
-0.082242 -0.604306 -0.792497 -0.082242 -0.987688 -0.133071 0.1
0.081086 0.118936 -0.989585 0.081086 -0.615642 -0.783843 0.1
0.000000 0.005922 -0.999982 0.000000 -0.702907 -0.711282 0.1
-0.081086 0.118936 -0.989585 -0.081086 -0.615642 -0.783843 0.1
0.156434 -0.226924 -0.961267 0.156434 -0.840178 -0.519258 0.1
0.081142 -0.113112 -0.990263 0.081142 -0.780204 -0.620240 0.1
0.237086 -0.107358 -0.965538 0.237086 -0.758652 -0.606825 0.1
-0.237086 -0.107358 -0.965538 -0.237086 -0.758652 -0.606825 0.1
-0.081142 -0.113112 -0.990263 -0.081142 -0.780204 -0.620240 0.1
-0.156434 -0.226924 -0.961267 -0.156434 -0.840178 -0.519258 0.1
0.000000 -0.493176 -0.869929 0.000000 -0.963861 -0.266405 0.1
-0.082324 -0.363011 -0.928141 -0.082324 -0.912982 -0.399607 0.1
0.082324 -0.363011 -0.928141 0.082324 -0.912982 -0.399607 0.1
0.571252 -0.409858 -0.711118 0.571252 -0.792649 -0.213023 0.1
0.615642 -0.496924 -0.611597 0.615642 -0.783843 -0.081086 0.1
0.453990 -0.204711 -0.867171 0.453990 -0.757935 -0.468430 0.1
0.516122 -0.309217 -0.798751 0.516122 -0.783452 -0.346153 0.1
0.758652 -0.261445 -0.596736 0.758652 -0.606825 -0.237086 0.1
0.647412 -0.287301 -0.705915 0.647412 -0.702310 -0.296005 0.1
0.707107 -0.162460 -0.688191 0.707107 -0.601501 -0.371748 0.1
0.131200 0.269045 -0.954149 0.131200 -0.484442 -0.864929 0.1
0.213023 0.156552 -0.964424 0.213023 -0.571252 -0.792649 0.1
0.468430 0.214922 -0.856961 0.468430 -0.453990 -0.757935 0.1
0.346153 0.189031 -0.918937 0.346153 -0.516122 -0.783452 0.1
0.383614 0.331543 -0.861928 0.383614 -0.375039 -0.843911 0.1
0.296005 0.038819 -0.954397 0.296005 -0.647412 -0.702310 0.1
0.371748 -0.074675 -0.925325 0.371748 -0.707107 -0.601501 0.1
0.864929 0.249779 -0.435325 0.864929 -0.131200 -0.484442 0.1
0.792649 0.253306 -0.554566 0.792649 -0.213023 -0.571252 0.1
0.783843 0.377988 -0.492661 0.783843 -0.081086 -0.615642 0.1
0.757935 -0.010210 -0.652250 0.757935 -0.468430 -0.453990 0.1
0.783452 0.120186 -0.609720 0.783452 -0.346153 -0.516122 0.1
0.843911 -0.006064 -0.536448 0.843911 -0.383614 -0.375039 0.1
0.606825 0.368803 -0.704094 0.606825 -0.237086 -0.758652 0.1
0.702310 0.248482 -0.667096 0.702310 -0.296005 -0.647412 0.1
0.601501 0.237134 -0.762866 0.601501 -0.371748 -0.707107 0.1
0.513375 -0.058212 -0.856188 0.513375 -0.646578 -0.564254 0.1
0.564254 0.094188 -0.820211 0.564254 -0.513375 -0.646578 0.1
0.646578 -0.035977 -0.761999 0.646578 -0.564254 -0.513375 0.1
0.702907 -0.502952 -0.502952 0.702907 -0.711282 0.000000 10.0
0.840178 -0.256555 -0.477787 0.840178 -0.519258 -0.156434 0.1
0.780204 -0.381200 -0.495952 0.780204 -0.620240 -0.081142 0.1
0.780204 -0.495952 -0.381200 0.780204 -0.620240 0.081142 10.0
0.840178 -0.477787 -0.256555 0.840178 -0.519258 0.156434 10.0
0.915043 0.285215 -0.285215 0.915043 0.000000 -0.403355 0.1
0.924305 0.160212 -0.346400 0.924305 -0.131655 -0.358229 0.1
0.987688 -0.035941 -0.152250 0.987688 -0.133071 -0.082242 0.1
0.966393 0.061748 -0.249545 0.966393 -0.132792 -0.220117 0.1
0.990439 0.097547 -0.097547 0.990439 0.000000 -0.137952 0.1
0.916244 0.026287 -0.399757 0.916244 -0.264083 -0.301259 0.1
0.891007 -0.104306 -0.441846 0.891007 -0.386187 -0.238677 0.1
0.924305 -0.346400 0.160212 0.924305 -0.131655 0.358229 10.0
0.915043 -0.285215 0.285215 0.915043 0.000000 0.403355 10.0
0.891007 -0.441846 -0.104306 0.891007 -0.386187 0.238677 10.0
0.916244 -0.399757 0.026287 0.916244 -0.264083 0.301259 10.0
0.990439 -0.097547 0.097547 0.990439 0.000000 0.137952 10.0
0.966393 -0.249545 0.061748 0.966393 -0.132792 0.220117 10.0
0.987688 -0.152250 -0.035941 0.987688 -0.133071 0.082242 10.0
0.912982 -0.224353 -0.340776 0.912982 -0.399607 -0.082324 0.1
0.963861 -0.188377 -0.188377 0.963861 -0.266405 0.000000 10.0
0.912982 -0.340776 -0.224353 0.912982 -0.399607 0.082324 10.0
0.131655 -0.906888 0.400276 0.131655 -0.358229 0.924305 10.0
0.386187 -0.798807 0.461267 0.386187 -0.238677 0.891007 10.0
0.264083 -0.860905 0.434860 0.264083 -0.301259 0.916244 10.0
0.132792 -0.838989 0.527697 0.132792 -0.220117 0.966393 10.0
0.133071 -0.756555 0.640247 0.133071 -0.082242 0.987688 10.0
0.711282 -0.497030 0.497030 0.711282 0.000000 0.702907 10.0
0.519258 -0.483480 0.704711 0.519258 0.156434 0.840178 10.0
0.620240 -0.494312 0.609064 0.620240 0.081142 0.780204 10.0
0.620240 -0.609064 0.494312 0.620240 -0.081142 0.780204 10.0
0.519258 -0.704711 0.483480 0.519258 -0.156434 0.840178 10.0
0.131655 -0.400276 0.906888 0.131655 0.358229 0.924305 10.0
0.133071 -0.640247 0.756555 0.133071 0.082242 0.987688 10.0
0.132792 -0.527697 0.838989 0.132792 0.220117 0.966393 10.0
0.264083 -0.434860 0.860905 0.264083 0.301259 0.916244 10.0
0.386187 -0.461267 0.798807 0.386187 0.238677 0.891007 10.0
0.399607 -0.703788 0.587365 0.399607 -0.082324 0.912982 10.0
0.399607 -0.587365 0.703788 0.399607 0.082324 0.912982 10.0
0.266405 -0.681553 0.681553 0.266405 0.000000 0.963861 10.0
-0.571252 -0.711118 -0.409858 -0.571252 -0.792649 0.213023 10.0
-0.453990 -0.867171 -0.204711 -0.453990 -0.757935 0.468430 10.0
-0.516122 -0.798751 -0.309217 -0.516122 -0.783452 0.346153 10.0
-0.647412 -0.705915 -0.287301 -0.647412 -0.702310 0.296005 10.0
-0.707107 -0.688191 -0.162460 -0.707107 -0.601501 0.371748 10.0
-0.213023 -0.964424 0.156552 -0.213023 -0.571252 0.792649 10.0
-0.468430 -0.856961 0.214922 -0.468430 -0.453990 0.757935 10.0
-0.346153 -0.918937 0.189031 -0.346153 -0.516122 0.783452 10.0
-0.296005 -0.954397 0.038819 -0.296005 -0.647412 0.702310 10.0
-0.371748 -0.925325 -0.074675 -0.371748 -0.707107 0.601501 10.0
-0.792649 -0.554566 0.253306 -0.792649 -0.213023 0.571252 10.0
-0.757935 -0.652250 -0.010210 -0.757935 -0.468430 0.453990 10.0
-0.783452 -0.609720 0.120186 -0.783452 -0.346153 0.516122 10.0
-0.702310 -0.667096 0.248482 -0.702310 -0.296005 0.647412 10.0
-0.601501 -0.762866 0.237134 -0.601501 -0.371748 0.707107 10.0
-0.513375 -0.856188 -0.058212 -0.513375 -0.646578 0.564254 10.0
-0.564254 -0.820211 0.094188 -0.564254 -0.513375 0.646578 10.0
-0.646578 -0.761999 -0.035977 -0.646578 -0.564254 0.513375 10.0
-0.213023 0.156552 -0.964424 -0.213023 -0.571252 -0.792649 0.1
-0.371748 -0.074675 -0.925325 -0.371748 -0.707107 -0.601501 0.1
-0.296005 0.038819 -0.954397 -0.296005 -0.647412 -0.702310 0.1
-0.346153 0.189031 -0.918937 -0.346153 -0.516122 -0.783452 0.1
-0.468430 0.214922 -0.856961 -0.468430 -0.453990 -0.757935 0.1
-0.571252 -0.409858 -0.711118 -0.571252 -0.792649 -0.213023 0.1
-0.707107 -0.162460 -0.688191 -0.707107 -0.601501 -0.371748 0.1
-0.647412 -0.287301 -0.705915 -0.647412 -0.702310 -0.296005 0.1
-0.516122 -0.309217 -0.798751 -0.516122 -0.783452 -0.346153 0.1
-0.453990 -0.204711 -0.867171 -0.453990 -0.757935 -0.468430 0.1
-0.792649 0.253306 -0.554566 -0.792649 -0.213023 -0.571252 0.1
-0.601501 0.237134 -0.762866 -0.601501 -0.371748 -0.707107 0.1
-0.702310 0.248482 -0.667096 -0.702310 -0.296005 -0.647412 0.1
-0.783452 0.120186 -0.609720 -0.783452 -0.346153 -0.516122 0.1
-0.757935 -0.010210 -0.652250 -0.757935 -0.468430 -0.453990 0.1
-0.513375 -0.058212 -0.856188 -0.513375 -0.646578 -0.564254 0.1
-0.646578 -0.035977 -0.761999 -0.646578 -0.564254 -0.513375 0.1
-0.564254 0.094188 -0.820211 -0.564254 -0.513375 -0.646578 0.1
0.711282 0.497030 -0.497030 0.711282 0.000000 -0.702907 0.1
0.519258 0.483480 -0.704711 0.519258 -0.156434 -0.840178 0.1
0.620240 0.494312 -0.609064 0.620240 -0.081142 -0.780204 0.1
0.620240 0.609064 -0.494312 0.620240 0.081142 -0.780204 0.1
0.519258 0.704711 -0.483480 0.519258 0.156434 -0.840178 0.1
0.131655 0.400276 -0.906888 0.131655 -0.358229 -0.924305 0.1
0.133071 0.640247 -0.756555 0.133071 -0.082242 -0.987688 0.1
0.132792 0.527697 -0.838989 0.132792 -0.220117 -0.966393 0.1
0.264083 0.434860 -0.860905 0.264083 -0.301259 -0.916244 0.1
0.386187 0.461267 -0.798807 0.386187 -0.238677 -0.891007 0.1
0.131655 0.906888 -0.400276 0.131655 0.358229 -0.924305 0.1
0.386187 0.798807 -0.461267 0.386187 0.238677 -0.891007 0.1
0.264083 0.860905 -0.434860 0.264083 0.301259 -0.916244 0.1
0.132792 0.838989 -0.527697 0.132792 0.220117 -0.966393 0.1
0.133071 0.756555 -0.640247 0.133071 0.082242 -0.987688 0.1
0.399607 0.587365 -0.703788 0.399607 -0.082324 -0.912982 0.1
0.266405 0.681553 -0.681553 0.266405 0.000000 -0.963861 0.1
0.399607 0.703788 -0.587365 0.399607 0.082324 -0.912982 0.1
0.924305 -0.160212 0.346400 0.924305 0.131655 0.358229 10.0
0.987688 0.035941 0.152250 0.987688 0.133071 0.082242 10.0
0.966393 -0.061748 0.249545 0.966393 0.132792 0.220117 10.0
0.916244 -0.026287 0.399757 0.916244 0.264083 0.301259 10.0
0.891007 0.104306 0.441846 0.891007 0.386187 0.238677 10.0
0.924305 0.346400 -0.160212 0.924305 0.131655 -0.358229 0.1
0.891007 0.441846 0.104306 0.891007 0.386187 -0.238677 0.1
0.916244 0.399757 -0.026287 0.916244 0.264083 -0.301259 0.1
0.966393 0.249545 -0.061748 0.966393 0.132792 -0.220117 0.1
0.987688 0.152250 0.035941 0.987688 0.133071 -0.082242 0.1
0.702907 0.502952 0.502952 0.702907 0.711282 0.000000 10.0
0.840178 0.256555 0.477787 0.840178 0.519258 0.156434 10.0
0.780204 0.381200 0.495952 0.780204 0.620240 0.081142 10.0
0.780204 0.495952 0.381200 0.780204 0.620240 -0.081142 0.1
0.840178 0.477787 0.256555 0.840178 0.519258 -0.156434 0.1
0.963861 0.188377 0.188377 0.963861 0.266405 0.000000 10.0
0.912982 0.340776 0.224353 0.912982 0.399607 -0.082324 0.1
0.912982 0.224353 0.340776 0.912982 0.399607 0.082324 10.0
